1	4
2	5
3	6
4	7
5	8
6	9
7	10
8	11
9	12
10	13
11	14
12	15
13	16
14	17
15	18
16	19
17	20
18	21
19	22
20	23
21	24
22	25
23	26
24	27
25	28
26	29
27	30
28	31
29	32
30	33
31	34
32	35
33	36
34	37
35	38
36	39
37	40
38	41
39	42
40	43
41	44
42	45
43	46
44	47
45	48
46	49
47	50
48	51
49	52
49	709
49	710
49	711
49	712
50	53
50	80
50	81
50	84
50	709
50	710
50	711
50	712
50	713
50	714
51	54
51	80
51	81
51	83
51	84
51	85
51	708
51	709
51	710
51	711
51	712
51	713
51	714
52	55
52	76
52	77
52	78
52	79
52	80
52	81
52	82
52	83
52	84
52	85
52	708
52	709
52	710
52	711
52	712
52	713
52	714
53	56
53	75
53	76
53	77
53	78
53	79
53	80
53	81
53	82
53	83
53	84
53	85
53	704
53	708
53	709
53	710
53	711
53	712
53	713
53	714
54	57
54	72
54	73
54	74
54	75
54	76
54	77
54	78
54	79
54	80
54	81
54	82
54	83
54	84
54	700
54	704
54	710
54	711
54	712
54	713
55	58
55	59
55	60
55	71
55	72
55	73
55	74
55	75
55	76
55	77
55	78
55	79
55	80
55	83
55	698
55	699
55	700
55	701
55	703
55	704
56	59
56	60
56	61
56	68
56	69
56	70
56	71
56	72
56	73
56	74
56	75
56	76
56	79
56	195
56	698
56	699
56	700
56	701
57	60
57	61
57	62
57	63
57	64
57	68
57	69
57	71
57	72
57	191
57	192
57	194
57	195
57	198
57	698
57	699
57	700
57	701
57	703
58	61
58	62
58	63
58	64
58	65
58	66
58	67
58	68
58	69
58	71
58	72
58	187
58	188
58	191
58	192
58	194
58	195
58	699
58	700
59	62
59	63
59	64
59	65
59	66
59	67
59	68
59	69
59	70
59	71
59	72
59	73
59	75
59	76
59	700
60	63
60	64
60	65
60	68
60	69
60	72
60	699
60	700
60	703
61	64
61	65
61	68
61	69
61	187
61	191
61	228
61	231
61	699
61	700
62	65
62	225
62	227
62	228
62	231
63	66
63	68
63	69
63	187
63	224
63	225
63	227
63	228
64	67
64	68
64	69
64	70
64	71
64	72
64	187
64	188
65	68
65	69
65	70
65	71
65	72
65	747
66	69
66	70
66	71
66	72
66	73
66	746
66	747
67	70
67	71
67	72
67	73
67	74
67	745
67	746
67	747
68	71
68	72
68	73
68	74
68	75
68	76
68	745
69	72
69	73
69	74
69	75
69	76
70	73
70	74
70	75
70	76
70	77
70	745
70	746
71	74
71	75
71	76
71	77
71	78
71	79
71	745
72	75
72	76
72	77
72	78
72	79
72	80
73	76
73	77
73	78
73	79
73	80
73	713
73	714
73	715
74	77
74	78
74	79
74	80
74	81
74	713
74	714
74	715
75	78
75	79
75	80
75	81
75	82
75	83
75	713
75	714
76	79
76	80
76	81
76	82
76	83
76	84
76	712
76	713
76	714
76	715
77	80
77	81
77	82
77	83
77	84
77	712
77	713
77	714
77	715
77	716
77	717
78	81
78	82
78	83
78	84
78	85
78	86
78	713
78	714
78	715
78	716
79	82
79	83
79	84
79	85
79	86
79	712
79	713
79	714
79	715
80	83
80	84
80	85
80	86
80	711
80	712
80	713
80	714
80	715
81	84
81	85
81	86
81	87
81	712
81	713
81	714
81	715
81	716
82	85
82	86
82	87
82	88
82	713
82	714
82	715
83	86
83	87
83	88
83	712
83	713
83	714
84	87
84	712
84	713
84	714
85	88
85	714
86	89
86	90
87	90
88	91
88	120
88	124
89	92
89	116
89	117
89	120
89	121
89	123
89	124
90	93
90	117
90	120
90	121
90	123
90	124
90	125
90	160
90	164
91	94
91	95
91	97
91	98
91	101
91	117
91	118
91	119
91	120
91	121
91	122
91	123
91	124
91	125
91	126
91	164
92	95
92	96
92	97
92	98
92	99
92	100
92	101
92	117
92	118
92	120
92	121
92	122
92	123
92	124
92	125
92	126
92	164
92	165
92	166
93	96
93	97
93	98
93	99
93	120
93	121
93	122
93	123
93	124
93	125
93	126
93	127
93	128
93	129
93	160
93	162
93	163
93	164
93	165
93	166
93	167
93	168
93	169
93	170
94	97
94	98
94	99
94	100
94	101
94	121
94	122
94	123
94	124
94	125
94	126
94	164
94	165
94	166
94	167
94	168
94	169
95	98
95	99
95	100
95	101
95	102
95	117
95	118
95	119
95	120
95	121
95	122
95	123
95	124
95	125
95	126
95	129
95	165
95	166
95	167
95	168
96	99
96	100
96	101
96	102
96	103
96	118
96	121
96	122
96	125
96	166
97	100
97	101
97	102
97	103
97	104
97	117
97	118
97	121
97	122
97	125
98	101
98	102
98	103
98	104
98	105
98	114
98	115
98	116
98	117
98	118
98	119
98	120
98	121
98	122
98	123
98	124
98	125
98	126
99	102
99	103
99	104
99	105
99	106
99	114
99	115
99	117
99	118
99	119
99	120
99	121
99	122
99	125
100	103
100	104
100	105
100	106
100	107
100	114
100	117
100	118
100	121
101	104
101	105
101	106
101	107
101	108
101	110
101	113
101	114
101	115
101	116
101	117
101	118
101	121
101	122
102	105
102	106
102	107
102	108
102	109
102	110
102	111
102	112
102	113
102	114
102	115
102	116
102	117
102	118
102	119
102	120
102	121
102	122
103	106
103	107
103	108
103	109
103	110
103	111
103	113
103	114
103	115
103	117
103	118
104	107
104	108
104	109
104	110
104	111
104	113
104	114
104	115
104	117
104	118
105	108
105	109
105	110
105	111
105	112
105	113
105	114
105	115
105	116
105	117
105	118
106	109
106	110
106	111
106	112
106	113
106	114
106	115
106	116
106	117
106	118
107	110
107	111
107	112
107	113
107	114
108	111
108	112
108	113
108	114
109	112
109	113
109	114
109	115
110	113
110	114
110	115
110	116
110	117
111	114
111	115
111	116
111	117
111	118
112	115
112	116
112	117
112	118
112	119
113	116
113	117
113	118
113	119
113	120
113	121
114	117
114	118
114	119
114	120
114	121
115	118
115	119
115	120
115	121
115	122
116	119
116	120
116	121
116	122
116	123
116	124
117	120
117	121
117	122
117	123
117	124
118	121
118	122
118	123
118	124
118	125
118	126
118	734
119	122
119	123
119	124
119	125
119	126
119	127
119	731
119	733
119	734
119	735
120	123
120	124
120	125
120	126
120	127
120	731
120	734
120	735
121	124
121	125
121	126
121	127
121	128
121	734
122	125
122	126
122	127
122	128
122	129
122	130
122	734
122	735
122	737
123	126
123	127
123	128
123	129
123	130
123	131
123	730
123	731
123	733
123	734
123	735
123	736
123	737
123	740
124	127
124	128
124	129
124	130
124	131
124	159
124	160
124	164
124	165
124	166
124	734
125	128
125	129
125	130
125	131
125	159
125	160
125	164
125	165
125	166
125	167
125	168
125	169
126	129
126	130
126	131
126	132
126	133
126	159
126	160
126	165
126	166
126	168
126	169
126	734
126	735
126	736
126	737
126	740
127	130
127	131
127	132
127	133
127	134
127	158
127	159
127	160
127	165
127	169
127	727
127	730
127	731
127	734
127	735
127	736
127	737
127	738
127	739
127	740
127	741
128	131
128	132
128	133
128	134
128	135
128	155
128	156
128	157
128	158
128	159
128	160
128	161
128	162
128	164
128	165
128	166
128	168
128	169
128	170
128	173
128	737
128	740
128	741
129	132
129	133
129	134
129	135
129	136
129	155
129	156
129	157
129	158
129	159
129	160
129	161
129	162
129	164
129	165
129	166
129	167
129	168
129	169
129	170
129	171
129	172
129	173
129	737
129	740
129	741
130	133
130	134
130	135
130	136
130	137
130	155
130	156
130	158
130	159
130	160
130	168
130	169
130	172
130	173
130	735
130	736
130	737
130	738
130	739
130	740
130	741
130	742
131	134
131	135
131	136
131	137
131	138
131	151
131	154
131	155
131	156
131	157
131	158
131	159
131	160
131	169
131	173
131	737
131	738
131	739
131	740
131	741
131	742
131	743
132	135
132	136
132	137
132	138
132	139
132	151
132	152
132	153
132	154
132	155
132	156
132	157
132	158
132	159
132	160
132	161
132	165
132	169
132	170
132	172
132	173
132	174
132	176
132	740
132	741
132	742
132	743
133	136
133	137
133	138
133	139
133	140
133	151
133	152
133	154
133	155
133	156
133	157
133	158
133	159
133	168
133	169
133	170
133	172
133	173
133	176
133	737
133	738
133	740
133	741
133	742
134	137
134	138
134	139
134	140
134	141
134	142
134	151
134	152
134	154
134	155
134	156
134	158
134	159
134	737
134	738
134	739
134	740
134	741
134	742
134	743
135	138
135	139
135	140
135	141
135	142
135	148
135	149
135	150
135	151
135	152
135	153
135	154
135	155
135	156
135	157
135	158
135	159
135	173
135	738
135	740
135	741
135	742
135	743
135	744
136	139
136	140
136	141
136	142
136	148
136	149
136	150
136	151
136	152
136	153
136	154
136	155
136	156
136	157
136	158
136	159
136	172
136	173
136	175
136	176
136	177
136	742
136	743
137	140
137	141
137	142
137	143
137	148
137	151
137	152
137	154
137	155
137	156
137	176
138	141
138	142
138	143
138	144
138	145
138	147
138	148
138	149
138	150
138	151
138	152
138	153
138	154
138	155
138	741
138	742
138	743
138	757
139	142
139	143
139	144
139	145
139	146
139	147
139	148
139	149
139	150
139	151
139	152
139	153
139	154
139	155
139	156
139	176
139	180
140	143
140	144
140	145
140	148
140	149
140	150
140	151
140	152
140	155
140	176
140	179
141	144
141	145
141	148
141	151
141	152
142	145
142	146
142	147
142	148
142	149
142	150
142	151
142	152
142	754
142	755
142	756
142	757
143	146
143	147
143	148
143	149
143	150
143	151
143	753
143	754
143	755
143	756
144	147
144	148
144	149
144	150
144	151
144	750
144	753
144	754
144	755
144	756
144	757
144	758
145	148
145	149
145	150
145	151
145	152
145	753
145	754
145	755
146	149
146	150
146	151
146	749
146	750
146	752
146	753
146	754
146	755
147	150
147	151
147	152
147	153
147	154
147	745
147	749
147	750
147	752
147	753
147	754
147	755
147	756
147	757
147	758
148	151
148	152
148	153
148	154
148	155
148	180
148	183
148	185
148	754
148	755
149	152
149	153
149	154
149	155
149	156
149	176
149	177
149	180
149	183
149	185
149	187
149	188
149	189
150	153
150	154
150	155
150	156
150	157
150	188
150	743
150	744
150	745
150	746
150	750
150	755
150	757
150	758
151	154
151	155
151	156
151	157
151	158
151	176
151	742
151	743
151	744
151	745
151	755
151	757
151	758
152	155
152	156
152	157
152	158
152	173
152	174
152	175
152	176
152	177
152	179
152	180
152	185
152	188
152	189
152	192
152	743
153	156
153	157
153	158
153	159
153	173
153	176
153	177
153	180
153	185
153	188
153	189
153	191
153	192
153	743
154	157
154	158
154	159
154	173
154	192
154	741
154	742
154	743
154	744
154	745
155	158
155	159
155	160
155	161
155	169
155	172
155	173
155	174
155	176
155	177
155	192
155	741
155	742
155	743
156	159
156	160
156	161
156	162
156	165
156	169
156	170
156	171
156	172
156	173
156	174
156	175
156	176
156	177
156	180
156	188
156	189
156	191
156	192
156	193
156	195
156	196
157	160
157	161
157	162
157	165
157	170
157	173
157	174
157	177
157	192
157	195
157	196
157	743
158	161
158	162
158	165
158	169
158	173
158	740
158	741
158	742
158	743
159	162
159	163
159	164
159	165
159	166
159	169
159	170
159	172
159	173
159	741
160	163
160	164
160	165
160	166
160	169
160	170
160	173
161	164
161	165
161	166
161	169
161	170
161	173
161	192
161	195
161	196
161	198
161	199
161	200
162	165
162	166
162	167
162	168
162	169
162	170
162	171
162	172
162	173
162	174
162	192
162	193
162	194
162	195
162	196
162	197
162	198
162	199
162	200
162	201
162	202
162	203
163	166
163	167
163	169
163	170
163	195
163	196
163	197
163	198
163	199
163	200
163	201
163	202
163	203
164	167
164	168
164	169
164	170
164	196
164	199
164	200
164	203
165	168
165	169
165	170
165	171
165	172
165	173
165	174
165	196
165	199
165	200
165	202
165	203
166	169
166	170
166	171
166	172
166	173
166	200
166	202
166	203
167	170
167	171
167	172
167	173
167	174
167	200
167	202
167	203
167	204
167	205
168	171
168	172
168	173
168	174
168	175
168	203
168	204
169	172
169	173
169	174
169	175
169	176
169	203
169	204
170	173
170	174
170	175
170	176
170	177
170	196
170	197
170	199
170	200
170	201
170	202
170	203
170	204
170	205
170	206
171	174
171	175
171	176
171	177
171	178
171	196
171	200
171	202
171	203
171	204
171	205
171	206
172	175
172	176
172	177
172	178
172	179
172	203
172	204
172	205
173	176
173	177
173	178
173	179
173	180
173	189
173	192
173	193
173	195
173	196
173	203
173	204
173	205
174	177
174	178
174	179
174	180
174	181
174	189
174	190
174	192
174	193
174	194
174	195
174	196
174	197
174	199
174	200
174	203
174	204
174	205
174	206
174	207
174	208
174	209
175	178
175	179
175	180
175	181
175	182
175	189
175	192
175	193
175	196
175	203
175	204
175	205
175	206
175	208
175	209
176	179
176	180
176	181
176	182
176	183
176	185
176	188
176	189
176	192
176	193
176	196
176	205
176	209
177	180
177	181
177	182
177	183
177	184
177	185
177	186
177	187
177	188
177	189
177	190
177	191
177	192
177	193
177	194
177	195
177	196
177	197
177	205
177	206
177	208
177	209
177	212
177	213
178	181
178	182
178	183
178	184
178	185
178	186
178	188
178	189
178	190
178	191
178	192
178	193
178	194
178	196
178	204
178	205
178	206
178	207
178	208
178	209
178	210
178	211
178	212
178	213
178	216
179	182
179	183
179	184
179	185
179	186
179	188
179	189
179	190
179	192
179	193
179	205
179	208
179	209
179	212
180	183
180	184
180	185
180	186
180	187
180	188
180	189
180	190
180	191
180	192
180	193
180	209
180	212
180	213
180	216
181	184
181	185
181	186
181	187
181	188
181	189
181	190
181	191
181	192
181	193
181	208
181	209
181	210
181	211
181	212
181	213
181	214
181	215
181	216
181	217
181	219
182	185
182	186
182	189
182	190
182	209
182	212
182	213
182	215
182	216
183	186
183	187
183	188
183	189
183	212
183	216
184	187
184	188
184	189
184	190
184	212
184	213
184	215
184	216
184	217
184	218
184	219
184	220
184	223
185	188
185	189
185	190
185	191
185	192
185	193
185	212
185	213
185	215
185	216
185	217
185	219
185	220
186	189
186	190
186	191
186	192
186	193
186	194
186	209
186	212
186	213
186	214
186	215
186	216
186	217
186	218
186	219
186	220
186	221
186	222
186	223
186	224
186	232
187	190
187	191
187	192
187	193
187	194
187	212
187	213
187	214
187	215
187	216
187	217
187	218
187	219
187	220
187	221
187	223
187	224
187	228
187	232
188	191
188	192
188	193
188	194
188	195
188	213
188	216
188	217
188	220
189	192
189	193
189	194
189	195
189	196
189	209
189	210
189	212
189	213
189	214
189	215
189	216
189	217
189	220
190	193
190	194
190	195
190	196
190	197
190	208
190	209
190	210
190	211
190	212
190	213
190	214
190	215
190	216
190	217
190	218
190	219
190	220
190	232
190	235
190	236
191	194
191	195
191	196
191	197
191	198
191	209
191	210
191	212
191	213
191	216
191	217
192	195
192	196
192	197
192	198
192	199
192	205
192	206
192	209
192	210
192	212
192	213
193	196
193	197
193	198
193	199
193	200
193	201
193	203
193	204
193	205
193	206
193	207
193	208
193	209
193	210
193	211
193	212
193	213
193	214
193	216
194	197
194	198
194	199
194	200
194	201
194	205
194	206
194	207
194	208
194	209
194	210
194	211
194	212
194	213
194	214
194	216
194	217
194	235
194	239
194	698
194	699
195	198
195	199
195	200
195	201
195	203
195	205
195	206
195	209
195	210
195	213
195	698
195	699
196	199
196	200
196	201
196	202
196	203
196	204
196	205
196	206
196	207
196	208
196	209
196	210
196	213
196	698
197	200
197	201
197	202
197	203
197	204
197	205
197	206
197	207
197	208
197	209
197	210
197	211
197	212
197	213
197	239
197	698
197	699
198	201
198	202
198	203
198	205
198	206
198	209
198	210
198	696
198	697
198	698
198	699
198	700
199	202
199	203
199	205
199	206
199	697
199	698
199	699
200	203
200	204
200	205
200	206
200	207
200	209
201	204
201	205
201	206
201	207
201	208
201	209
201	210
202	205
202	206
202	207
203	206
203	207
203	208
203	209
203	210
204	207
204	208
204	209
204	210
205	208
205	209
205	210
205	211
205	212
205	213
206	209
206	210
206	211
206	212
206	213
206	239
206	243
207	210
207	211
207	212
207	213
207	214
207	239
207	240
207	242
207	243
207	244
207	246
207	247
207	250
207	252
208	211
208	212
208	213
208	214
208	215
208	239
208	243
208	247
208	250
208	252
209	212
209	213
209	214
209	215
209	216
209	217
209	239
209	240
209	243
210	213
210	214
210	215
210	216
210	217
210	235
210	236
210	237
210	238
210	239
210	240
210	241
210	242
210	243
210	244
210	246
210	247
210	252
210	256
211	214
211	215
211	216
211	217
211	218
211	236
211	237
211	239
211	240
211	241
211	242
211	243
211	244
211	246
211	247
211	250
211	251
211	252
211	253
211	254
211	255
211	256
211	257
211	259
212	215
212	216
212	217
212	218
212	219
212	236
212	239
212	240
212	243
212	252
212	255
212	256
212	259
213	216
213	217
213	218
213	219
213	220
213	221
213	232
213	233
213	235
213	236
213	237
213	238
213	239
213	240
213	243
213	256
213	259
214	217
214	218
214	219
214	220
214	221
214	232
214	233
214	234
214	235
214	236
214	237
214	238
214	239
214	240
214	241
214	242
214	243
214	244
214	252
214	255
214	256
214	257
214	258
214	259
214	260
214	262
214	263
215	218
215	219
215	220
215	221
215	222
215	232
215	233
215	235
215	236
215	237
215	239
215	240
215	252
215	255
215	256
215	257
215	258
215	259
215	260
215	262
215	263
216	219
216	220
216	221
216	222
216	223
216	224
216	232
216	233
216	235
216	236
216	256
216	259
217	220
217	221
217	222
217	223
217	224
217	228
217	229
217	230
217	231
217	232
217	233
217	234
217	235
217	236
217	237
217	238
217	239
217	240
217	256
217	259
217	260
217	262
217	263
218	221
218	222
218	223
218	224
218	229
218	231
218	232
218	233
218	234
218	235
218	236
218	237
218	240
218	255
218	256
218	257
218	258
218	259
218	260
218	261
218	262
218	263
218	264
218	266
219	222
219	223
219	224
219	225
219	229
219	232
219	233
219	236
219	259
219	262
219	263
220	223
220	224
220	225
220	226
220	227
220	228
220	229
220	230
220	231
220	232
220	233
220	235
220	236
220	263
221	224
221	225
221	226
221	227
221	228
221	229
221	230
221	231
221	232
221	233
221	234
221	235
221	236
221	259
221	262
221	263
221	266
221	267
222	225
222	226
222	227
222	228
222	229
222	230
222	232
222	233
222	262
222	263
222	266
223	226
223	227
223	228
223	229
223	232
224	227
224	228
224	229
224	230
224	231
224	232
224	233
225	228
225	229
225	230
225	231
225	232
226	229
226	230
226	231
226	232
226	233
226	266
227	230
227	231
227	232
227	233
228	231
228	232
228	233
228	234
228	235
229	232
229	233
229	234
229	235
229	236
229	263
229	264
229	266
229	267
230	233
230	234
230	235
230	236
230	237
230	263
230	264
230	266
230	267
230	268
231	234
231	235
231	236
231	237
231	238
231	263
231	266
231	267
232	235
232	236
232	237
232	238
232	239
232	259
232	260
232	263
232	264
232	266
232	267
233	236
233	237
233	238
233	239
233	240
233	259
233	260
233	261
233	262
233	263
233	264
233	265
233	266
233	267
233	268
233	269
234	237
234	238
234	239
234	240
234	241
234	259
234	260
234	262
234	263
234	264
234	265
234	266
234	267
234	268
234	269
235	238
235	239
235	240
235	241
235	242
235	259
235	260
235	263
235	264
235	267
236	239
236	240
236	241
236	242
236	243
236	244
236	256
236	257
236	258
236	259
236	260
236	261
236	262
236	263
236	264
236	266
236	267
237	240
237	241
237	242
237	243
237	244
237	256
237	257
237	258
237	259
237	260
237	261
237	262
237	263
237	264
237	265
237	266
237	267
237	269
237	272
237	273
237	276
238	241
238	242
238	243
238	244
238	245
238	256
238	259
238	260
238	263
238	264
239	242
239	243
239	244
239	245
239	246
239	247
239	256
239	257
239	259
239	260
239	263
240	243
240	244
240	245
240	246
240	247
240	248
240	252
240	253
240	254
240	255
240	256
240	257
240	258
240	259
240	260
240	261
240	262
240	263
240	264
240	276
241	244
241	245
241	246
241	247
241	248
241	253
241	256
241	257
241	258
241	259
241	260
241	261
241	263
241	264
241	272
241	273
241	275
241	276
241	279
242	245
242	246
242	247
242	248
242	253
242	256
242	257
242	260
243	246
243	247
243	248
243	249
243	250
243	252
243	253
243	254
243	255
243	256
243	257
243	259
243	260
244	247
244	248
244	249
244	250
244	251
244	252
244	253
244	254
244	255
244	256
244	257
244	258
244	259
244	260
244	276
244	279
244	280
244	283
245	248
245	249
245	250
245	253
245	254
245	256
245	257
245	276
245	279
245	280
245	283
246	249
246	250
246	252
246	253
246	256
247	250
247	251
247	252
247	253
247	254
247	255
247	256
247	257
247	280
247	283
247	284
248	251
248	252
248	253
248	254
248	255
248	256
248	257
248	276
248	279
248	280
248	281
248	282
248	283
248	284
248	285
249	252
249	253
249	254
249	256
249	280
249	282
249	283
249	284
249	285
250	253
250	254
250	255
250	256
250	257
250	280
250	283
250	284
251	254
251	255
251	256
251	257
251	280
251	283
251	284
252	255
252	256
252	257
252	258
252	259
252	280
252	284
252	289
253	256
253	257
253	258
253	259
253	260
253	276
253	277
253	279
253	280
253	281
253	282
253	283
253	284
253	285
253	289
253	290
254	257
254	258
254	259
254	260
254	261
254	276
254	277
254	278
254	279
254	280
254	281
254	282
254	283
254	284
254	285
254	287
254	288
254	289
254	290
254	291
254	292
254	293
255	258
255	259
255	260
255	261
255	262
255	276
255	277
255	280
255	284
255	289
255	290
255	293
256	259
256	260
256	261
256	262
256	263
256	276
256	277
256	279
256	280
256	289
257	260
257	261
257	262
257	263
257	264
257	272
257	273
257	274
257	275
257	276
257	277
257	278
257	279
257	280
257	281
257	283
257	284
257	289
257	290
257	293
258	261
258	262
258	263
258	264
258	265
258	272
258	273
258	274
258	275
258	276
258	277
258	278
258	279
258	280
258	289
258	290
258	292
258	293
258	296
259	262
259	263
259	264
259	265
259	266
259	273
259	276
259	277
259	280
260	263
260	264
260	265
260	266
260	267
260	268
260	269
260	270
260	271
260	272
260	273
260	274
260	275
260	276
260	277
260	279
260	280
261	264
261	265
261	266
261	267
261	268
261	269
261	270
261	271
261	272
261	273
261	274
261	275
261	276
261	277
261	278
261	279
261	280
261	292
261	293
261	296
261	297
261	300
262	265
262	266
262	267
262	268
262	269
262	270
262	272
262	273
262	274
262	276
262	277
262	296
263	266
263	267
263	268
263	269
263	270
263	272
263	273
263	276
264	267
264	268
264	269
264	270
264	271
264	272
264	273
264	274
264	275
264	276
264	277
265	268
265	269
265	270
265	271
265	272
265	273
265	274
265	276
265	296
265	300
266	269
266	270
266	272
266	273
267	270
267	271
267	272
267	273
268	271
268	272
268	273
268	274
268	300
268	303
268	304
269	272
269	273
269	274
269	275
269	276
269	300
269	304
270	273
270	274
270	275
270	276
270	277
270	296
270	297
270	298
270	299
270	300
270	301
270	302
270	303
270	304
271	274
271	275
271	276
271	277
271	278
271	297
271	300
271	301
271	303
271	304
272	275
272	276
272	277
272	278
272	279
272	297
272	300
272	301
273	276
273	277
273	278
273	279
273	280
273	293
273	294
273	296
273	297
273	298
273	299
273	300
273	301
274	277
274	278
274	279
274	280
274	281
274	293
274	294
274	295
274	296
274	297
274	298
274	299
274	300
274	301
274	302
274	303
274	304
275	278
275	279
275	280
275	281
275	282
275	293
275	294
275	296
275	297
275	300
275	301
276	279
276	280
276	281
276	282
276	283
276	289
276	290
276	293
276	294
276	296
276	297
277	280
277	281
277	282
277	283
277	284
277	285
277	289
277	290
277	291
277	292
277	293
277	294
277	295
277	296
277	297
277	298
277	299
277	300
278	281
278	282
278	283
278	284
278	285
278	286
278	289
278	290
278	291
278	292
278	293
278	294
278	295
278	296
278	297
278	298
279	282
279	283
279	284
279	285
279	289
279	290
279	293
279	294
279	297
280	283
280	284
280	285
280	286
280	287
280	288
280	289
280	290
280	291
280	292
280	293
280	294
280	297
281	284
281	285
281	286
281	287
281	288
281	289
281	290
281	291
281	292
281	293
281	294
281	297
282	285
282	286
282	287
282	289
282	290
282	293
282	294
283	286
283	287
283	289
283	290
284	287
284	288
284	289
284	290
284	291
284	293
285	288
285	289
285	290
285	291
285	292
285	293
285	294
286	289
286	290
286	291
286	292
286	293
286	294
286	317
286	320
286	321
287	290
287	291
287	292
287	293
287	294
287	320
287	321
287	323
287	324
288	291
288	292
288	293
288	294
288	295
288	320
288	321
288	322
288	323
288	324
289	292
289	293
289	294
289	295
289	296
289	321
289	324
290	293
290	294
290	295
290	296
290	297
290	317
290	320
290	321
290	324
291	294
291	295
291	296
291	297
291	298
291	314
291	316
291	317
291	318
291	319
291	320
291	321
291	322
291	323
291	324
291	325
291	326
291	327
292	295
292	296
292	297
292	298
292	299
292	314
292	317
292	318
292	320
292	321
292	322
292	323
292	324
292	325
292	326
292	327
292	330
293	296
293	297
293	298
293	299
293	300
293	313
293	314
293	317
293	318
293	320
293	321
293	324
293	326
293	327
294	297
294	298
294	299
294	300
294	301
294	310
294	312
294	313
294	314
294	315
294	316
294	317
294	318
294	319
294	320
294	321
294	322
294	324
294	326
294	327
294	330
295	298
295	299
295	300
295	301
295	302
295	310
295	311
295	312
295	313
295	314
295	315
295	316
295	317
295	318
295	319
295	320
295	321
295	322
295	323
295	324
295	325
295	326
295	327
295	328
295	329
295	330
295	331
295	333
296	299
296	300
296	301
296	302
296	303
296	310
296	313
296	314
296	317
296	318
296	321
296	324
296	325
296	326
296	327
296	328
296	329
296	330
297	300
297	301
297	302
297	303
297	304
297	306
297	309
297	310
297	311
297	312
297	313
297	314
297	316
297	317
297	318
297	326
297	330
298	301
298	302
298	303
298	304
298	305
298	306
298	307
298	308
298	309
298	310
298	311
298	312
298	313
298	314
298	315
298	316
298	317
298	318
298	321
298	326
298	327
298	329
298	330
298	331
298	333
298	334
299	302
299	303
299	304
299	305
299	306
299	307
299	309
299	310
299	311
299	312
299	313
299	314
299	315
299	317
299	318
299	326
299	327
299	328
299	329
299	330
299	331
299	332
299	333
299	334
300	303
300	304
300	305
300	306
300	307
300	309
300	310
300	311
300	313
300	314
300	329
300	330
301	304
301	305
301	306
301	307
301	308
301	309
301	310
301	311
301	312
301	313
301	314
301	330
301	333
302	305
302	306
302	307
302	308
302	309
302	310
302	311
302	312
302	313
302	314
302	329
302	330
302	332
302	333
302	334
302	337
302	551
302	552
303	306
303	307
303	309
303	310
303	311
303	333
303	551
304	307
304	308
304	309
304	310
304	553
304	557
304	561
305	308
305	309
305	310
305	311
305	333
305	548
305	551
305	552
305	553
305	554
305	557
305	558
305	560
305	561
306	309
306	310
306	311
306	312
306	313
306	314
306	552
306	553
306	557
306	558
306	560
306	561
306	562
306	564
306	565
307	310
307	311
307	312
307	313
307	314
307	315
307	333
307	334
307	336
307	337
307	338
307	340
307	551
307	552
307	553
307	558
307	561
307	562
308	311
308	312
308	313
308	314
308	334
308	337
308	338
308	341
308	552
308	553
308	558
308	561
308	562
308	565
309	312
309	313
309	314
309	315
309	316
309	317
309	334
309	337
309	561
309	565
310	313
310	314
310	315
310	316
310	317
310	318
310	329
310	330
310	333
310	334
310	337
310	338
311	314
311	315
311	316
311	317
311	318
311	329
311	330
311	331
311	332
311	333
311	334
311	335
311	336
311	337
311	338
311	339
311	340
311	341
312	315
312	316
312	317
312	318
312	319
312	330
312	331
312	333
312	334
312	335
312	337
312	338
312	341
313	316
313	317
313	318
313	319
313	320
313	321
313	327
313	330
313	331
313	333
313	334
313	337
313	338
314	317
314	318
314	319
314	320
314	321
314	322
314	326
314	327
314	328
314	329
314	330
314	331
314	332
314	333
314	334
314	335
314	336
314	337
314	338
314	350
315	318
315	319
315	320
315	321
315	322
315	327
315	328
315	329
315	330
315	331
315	332
315	333
315	334
315	335
315	336
315	337
315	338
315	343
315	346
315	347
315	349
315	350
316	319
316	320
316	321
316	322
316	327
316	330
316	331
316	334
317	320
317	321
317	322
317	323
317	324
317	326
317	327
317	328
317	329
317	330
317	331
317	334
318	321
318	322
318	323
318	324
318	325
318	326
318	327
318	328
318	329
318	330
318	331
318	332
318	333
318	334
318	335
318	349
318	350
318	353
319	322
319	323
319	324
319	326
319	327
319	328
319	330
319	331
319	334
319	346
319	349
319	350
319	353
320	323
320	324
320	326
320	327
320	330
321	324
321	325
321	326
321	327
321	328
321	329
321	330
321	331
322	325
322	326
322	327
322	328
322	329
322	330
322	331
322	350
322	353
322	354
322	357
323	326
323	327
323	328
323	353
323	357
324	327
324	328
324	329
324	330
324	331
324	353
324	357
325	328
325	329
325	330
325	331
325	353
325	354
325	356
325	357
325	358
325	359
326	329
326	330
326	331
326	332
326	333
326	353
326	354
326	357
326	358
327	330
327	331
327	332
327	333
327	334
327	350
327	351
327	353
327	354
327	356
327	357
327	358
328	331
328	332
328	333
328	334
328	335
328	349
328	350
328	351
328	352
328	353
328	354
328	355
328	356
328	357
328	358
328	359
329	332
329	333
329	334
329	335
329	336
329	350
329	351
329	353
329	354
329	355
329	357
329	358
330	333
330	334
330	335
330	336
330	337
330	338
330	347
330	349
330	350
330	351
330	353
330	354
330	357
331	334
331	335
331	336
331	337
331	338
331	339
331	346
331	347
331	348
331	349
331	350
331	351
331	352
331	353
331	354
331	355
331	356
331	357
331	358
331	368
332	335
332	336
332	337
332	338
332	339
332	346
332	347
332	348
332	349
332	350
332	351
332	352
332	353
332	354
332	355
332	356
332	357
332	358
332	364
332	365
332	367
332	368
332	371
332	372
333	336
333	337
333	338
333	339
333	340
333	346
333	347
333	350
333	351
333	353
333	354
333	368
333	551
334	337
334	338
334	339
334	340
334	341
334	342
334	343
334	344
334	345
334	346
334	347
334	348
334	349
334	350
334	351
334	352
334	353
334	354
335	338
335	339
335	340
335	341
335	342
335	343
335	344
335	345
335	346
335	347
335	348
335	349
335	350
335	351
335	352
335	353
335	354
335	355
335	368
335	369
335	371
335	372
335	375
335	515
336	339
336	340
336	341
336	342
336	343
336	344
336	345
336	346
336	347
336	348
336	349
336	350
336	351
336	354
336	367
336	368
336	371
336	372
336	375
336	515
336	517
336	518
336	550
336	551
336	552
337	340
337	341
337	342
337	343
337	344
337	346
337	347
337	350
337	351
337	515
337	517
337	518
337	550
337	551
337	552
338	341
338	342
338	343
338	344
338	345
338	346
338	347
338	348
338	349
338	350
338	351
338	375
338	518
339	342
339	343
339	344
339	345
339	346
339	347
339	348
339	349
339	350
339	351
339	371
339	372
339	374
339	375
339	378
339	514
339	515
339	516
339	517
339	518
340	343
340	344
340	346
340	347
340	375
340	514
340	515
340	516
340	517
340	518
340	519
340	521
340	522
340	550
340	551
340	552
341	344
341	345
341	346
341	347
341	515
341	518
342	345
342	346
342	347
342	348
342	375
342	378
342	379
342	515
342	518
343	346
343	347
343	348
343	349
343	350
343	375
343	376
343	378
343	379
344	347
344	348
344	349
344	350
344	351
344	371
344	372
344	373
344	374
344	375
344	376
344	377
344	378
344	379
344	380
344	515
345	348
345	349
345	350
345	351
345	352
345	372
345	373
345	374
345	375
345	376
345	377
345	378
345	379
345	380
345	381
346	349
346	350
346	351
346	352
346	353
346	372
346	375
346	376
346	379
347	350
347	351
347	352
347	353
347	354
347	368
347	369
347	371
347	372
347	373
347	374
347	375
347	376
347	378
347	379
347	515
348	351
348	352
348	353
348	354
348	355
348	368
348	369
348	370
348	371
348	372
348	373
348	374
348	375
348	376
348	377
348	378
348	379
348	381
348	384
348	385
349	352
349	353
349	354
349	355
349	356
349	371
349	372
349	373
349	375
349	376
350	353
350	354
350	355
350	356
350	357
350	368
350	369
350	371
350	372
350	375
351	354
351	355
351	356
351	357
351	358
351	364
351	365
351	366
351	367
351	368
351	369
351	370
351	371
351	372
351	373
351	374
351	375
351	376
351	388
352	355
352	356
352	357
352	358
352	365
352	368
352	369
352	370
352	371
352	372
352	373
352	375
352	376
352	388
353	356
353	357
353	358
353	365
353	368
353	369
353	372
354	357
354	358
354	359
354	362
354	364
354	365
354	366
354	367
354	368
354	369
354	371
354	372
355	358
355	359
355	360
355	361
355	362
355	363
355	364
355	365
355	366
355	367
355	368
355	369
355	370
355	371
355	372
355	388
355	392
356	359
356	360
356	362
356	365
356	368
356	369
357	360
357	361
357	362
357	364
357	365
357	368
358	361
358	362
358	363
358	364
358	365
358	366
358	367
358	368
358	369
359	362
359	363
359	364
359	365
360	363
360	364
360	365
360	366
361	364
361	365
361	366
362	365
362	366
362	367
362	368
362	369
363	366
363	367
363	368
363	369
363	392
363	395
363	396
363	397
363	400
364	367
364	368
364	369
364	370
364	371
364	392
364	395
364	396
364	400
365	368
365	369
365	370
365	371
365	372
365	388
365	391
365	392
365	393
365	395
365	396
366	369
366	370
366	371
366	372
366	373
366	388
366	389
366	390
366	391
366	392
366	393
366	394
366	395
366	396
366	397
366	400
366	401
366	402
366	403
366	406
367	370
367	371
367	372
367	373
367	374
367	388
367	389
367	391
367	392
367	393
367	395
367	396
367	400
367	401
367	402
367	403
367	405
367	406
367	514
367	515
368	371
368	372
368	373
368	374
368	375
368	388
368	389
368	391
368	392
368	393
368	515
369	372
369	373
369	374
369	375
369	376
369	384
369	385
369	386
369	387
369	388
369	389
369	390
369	391
369	392
369	393
369	394
369	395
369	396
369	406
370	373
370	374
370	375
370	376
370	377
370	384
370	385
370	386
370	387
370	388
370	389
370	390
370	391
370	392
370	393
370	394
370	395
370	396
370	402
370	403
370	405
370	406
370	407
370	409
370	410
370	413
370	514
370	515
371	374
371	375
371	376
371	377
371	378
371	385
371	388
371	389
371	392
371	406
371	409
371	514
371	515
371	516
371	517
372	375
372	376
372	377
372	378
372	379
372	381
372	382
372	384
372	385
372	386
372	387
372	388
372	389
372	391
372	392
372	514
372	515
373	376
373	377
373	378
373	379
373	380
373	381
373	382
373	383
373	384
373	385
373	386
373	387
373	388
373	389
373	390
373	391
373	392
373	393
373	406
373	409
373	410
373	412
373	413
373	414
373	514
373	515
374	377
374	378
374	379
374	380
374	381
374	382
374	383
374	384
374	385
374	386
374	387
374	388
374	389
374	392
374	406
374	409
374	410
374	412
374	413
374	479
374	480
374	513
374	514
374	515
374	516
375	378
375	379
375	380
375	381
375	382
375	384
375	385
375	386
375	388
375	389
375	413
375	514
375	515
376	379
376	380
376	381
376	382
376	383
376	384
376	385
376	386
376	387
376	388
376	389
376	413
376	417
377	380
377	381
377	382
377	383
377	384
377	385
377	386
377	387
377	388
377	389
377	409
377	410
377	412
377	413
377	414
377	416
377	417
377	477
377	479
377	480
377	514
378	381
378	382
378	384
378	385
378	413
378	479
378	480
378	483
378	514
378	515
379	382
379	383
379	384
379	385
380	383
380	384
380	385
380	386
380	413
380	416
380	417
381	384
381	385
381	386
381	387
381	388
381	413
381	414
381	416
381	417
381	418
382	385
382	386
382	387
382	388
382	389
382	409
382	410
382	411
382	412
382	413
382	414
382	415
382	416
382	417
382	418
382	419
383	386
383	387
383	388
383	389
383	390
383	410
383	412
383	413
383	414
383	415
383	416
383	417
383	418
383	419
383	420
384	387
384	388
384	389
384	390
384	391
384	410
384	413
384	414
384	416
384	417
384	418
384	419
385	388
385	389
385	390
385	391
385	392
385	393
385	406
385	409
385	410
385	411
385	412
385	413
385	414
385	415
385	416
385	417
385	419
386	389
386	390
386	391
386	392
386	393
386	406
386	407
386	408
386	409
386	410
386	411
386	412
386	413
386	414
386	415
386	416
386	417
386	418
386	419
386	420
386	422
386	423
386	426
387	390
387	391
387	392
387	393
387	394
387	409
387	410
387	411
387	413
387	414
387	417
387	419
387	422
388	391
388	392
388	393
388	394
388	395
388	406
388	409
388	410
388	413
388	414
388	417
389	392
389	393
389	394
389	395
389	396
389	403
389	405
389	406
389	407
389	408
389	409
389	410
389	411
389	412
389	413
389	414
389	417
389	422
389	423
389	426
390	393
390	394
390	395
390	396
390	403
390	406
390	407
390	408
390	409
390	410
390	411
390	412
390	413
390	414
390	419
390	422
390	423
390	425
390	426
391	394
391	395
391	396
391	406
391	407
391	410
392	395
392	396
392	397
392	400
392	402
392	403
392	406
392	407
392	409
392	410
393	396
393	397
393	398
393	399
393	400
393	402
393	403
393	404
393	405
393	406
393	407
393	408
393	409
393	410
393	411
393	426
393	429
393	430
394	397
394	398
394	400
394	403
394	406
394	407
394	410
394	426
394	429
395	398
395	399
395	400
395	403
395	406
395	407
396	399
396	400
396	401
396	402
396	403
396	404
396	405
396	406
396	407
397	400
397	401
397	402
397	403
397	404
397	406
397	407
398	401
398	402
398	403
398	404
398	405
398	406
398	407
398	429
398	430
398	432
398	433
399	402
399	403
399	404
399	405
399	406
399	433
400	403
400	404
400	405
400	406
400	407
401	404
401	405
401	406
401	407
402	405
402	406
402	407
402	408
402	409
402	430
402	512
402	514
403	406
403	407
403	408
403	409
403	410
403	426
403	429
403	430
403	433
403	434
404	407
404	408
404	409
404	410
404	411
404	426
404	427
404	428
404	429
404	430
404	431
404	432
404	433
404	434
404	512
405	408
405	409
405	410
405	411
405	412
405	426
405	427
405	429
405	430
405	431
405	433
405	434
405	477
405	478
405	479
405	511
405	512
405	513
405	514
406	409
406	410
406	411
406	412
406	413
406	426
406	427
406	429
406	430
406	479
406	512
406	514
407	410
407	411
407	412
407	413
407	414
407	422
407	423
407	424
407	425
407	426
407	427
407	428
407	429
407	430
407	431
407	432
407	433
407	434
407	475
408	411
408	412
408	413
408	414
408	415
408	422
408	423
408	424
408	425
408	426
408	427
408	428
408	429
408	430
408	431
408	433
408	434
408	473
408	474
408	475
408	476
408	477
408	478
408	479
408	512
409	412
409	413
409	414
409	415
409	416
409	417
409	423
409	426
409	427
409	430
409	474
409	475
409	476
409	477
409	478
409	479
409	480
409	512
409	513
409	514
410	413
410	414
410	415
410	416
410	417
410	419
410	420
410	421
410	422
410	423
410	424
410	425
410	426
410	427
410	428
410	429
410	430
410	475
410	477
410	478
410	479
411	414
411	415
411	416
411	417
411	418
411	419
411	420
411	421
411	422
411	423
411	424
411	425
411	426
411	427
411	428
411	429
411	430
411	431
411	474
411	475
411	476
411	477
411	478
412	415
412	416
412	417
412	418
412	419
412	420
412	421
412	422
412	423
412	424
412	425
412	426
412	427
412	430
412	473
412	474
412	475
412	476
412	477
412	478
412	479
412	480
413	416
413	417
413	418
413	419
413	420
413	421
413	422
413	423
413	424
413	426
413	427
413	475
413	476
413	477
413	478
413	479
413	480
414	417
414	418
414	419
414	420
414	421
414	422
414	423
414	424
414	425
414	426
414	427
414	475
414	477
415	418
415	419
415	420
415	421
415	422
415	423
415	424
415	425
415	426
415	427
415	474
415	475
415	476
415	477
416	419
416	420
416	421
416	422
416	423
416	475
416	476
416	477
417	420
417	421
417	422
417	423
418	421
418	422
418	423
418	424
419	422
419	423
419	424
419	425
419	426
420	423
420	424
420	425
420	426
420	427
420	475
421	424
421	425
421	426
421	427
421	428
422	425
422	426
422	427
422	428
422	429
423	426
423	427
423	428
423	429
423	430
423	474
423	475
423	476
424	427
424	428
424	429
424	430
424	431
424	471
424	474
424	475
425	428
425	429
425	430
425	431
425	432
425	475
426	429
426	430
426	431
426	432
426	433
426	474
426	475
427	430
427	431
427	432
427	433
427	434
427	435
427	437
427	438
427	471
427	473
427	474
427	475
427	476
428	431
428	432
428	433
428	434
428	435
428	437
428	438
428	439
428	471
428	474
428	475
429	432
429	433
429	434
429	435
429	437
429	438
429	474
430	433
430	434
430	435
430	436
430	437
430	438
430	474
430	475
431	434
431	435
431	436
431	437
431	438
431	439
431	440
431	470
431	471
431	474
431	475
432	435
432	436
432	437
432	438
432	439
432	440
433	436
433	437
433	438
433	439
434	437
434	438
434	439
434	440
434	470
434	474
435	438
435	439
435	440
435	441
435	442
435	443
435	470
435	474
436	439
436	440
436	441
436	442
436	443
436	444
436	466
436	467
436	469
436	470
436	471
436	474
437	440
437	441
437	442
437	443
437	444
437	466
437	467
437	468
437	469
437	470
437	471
437	472
437	473
437	474
437	475
438	441
438	442
438	443
438	444
438	467
438	470
438	471
438	474
439	442
439	443
439	444
439	445
439	446
439	467
439	470
439	471
440	443
440	444
440	445
440	446
440	447
440	448
440	463
440	464
440	465
440	466
440	467
440	468
440	469
440	470
440	471
440	474
441	444
441	445
441	446
441	447
441	448
441	463
441	464
441	465
441	466
441	467
441	468
441	470
441	471
442	445
442	446
442	447
442	448
442	449
442	463
442	464
442	467
443	446
443	447
443	448
443	449
443	450
443	463
443	464
443	466
443	467
443	470
444	447
444	448
444	449
444	450
444	451
444	452
444	459
444	460
444	461
444	462
444	463
444	464
444	465
444	466
444	467
444	468
444	469
444	470
445	448
445	449
445	450
445	451
445	452
445	459
445	460
445	461
445	462
445	463
445	464
445	465
445	466
445	467
446	449
446	450
446	451
446	452
446	453
446	460
446	463
446	464
446	467
447	450
447	451
447	452
447	453
447	454
447	456
447	457
447	459
447	460
447	461
447	462
447	463
447	464
447	466
447	467
448	451
448	452
448	453
448	454
448	455
448	456
448	457
448	458
448	459
448	460
448	461
448	462
448	463
448	464
448	465
448	466
448	467
449	452
449	453
449	454
449	455
449	456
449	457
449	459
449	460
449	461
449	463
449	464
450	453
450	454
450	455
450	456
450	457
450	459
450	460
450	463
451	454
451	455
451	456
451	457
451	458
451	459
451	460
451	461
451	462
451	463
451	464
452	455
452	456
452	457
452	458
452	459
452	460
452	461
452	462
452	463
452	464
453	456
453	457
453	459
453	460
454	457
454	458
454	459
454	460
455	458
455	459
455	460
455	461
456	459
456	460
456	461
456	462
456	463
457	460
457	461
457	462
457	463
457	464
458	461
458	462
458	463
458	464
458	465
459	462
459	463
459	464
459	465
459	466
460	463
460	464
460	465
460	466
460	467
461	464
461	465
461	466
461	467
461	468
462	465
462	466
462	467
462	468
462	469
462	470
463	466
463	467
463	468
463	469
463	470
464	467
464	468
464	469
464	470
464	471
465	468
465	469
465	470
465	471
465	472
465	473
466	469
466	470
466	471
466	472
466	473
466	474
467	470
467	471
467	472
467	473
467	474
468	471
468	472
468	473
468	474
469	472
469	473
469	474
469	475
469	476
470	473
470	474
470	475
470	476
471	474
471	475
471	476
472	475
472	476
472	477
473	476
473	477
473	478
473	481
474	477
474	478
475	478
475	479
475	480
475	481
476	479
476	480
476	481
476	482
477	480
477	481
477	482
477	483
477	484
477	511
477	513
477	514
478	481
478	482
478	483
478	484
478	485
478	507
478	508
478	510
478	511
478	512
478	513
478	514
479	482
479	483
479	484
479	485
479	486
479	508
479	509
479	511
479	512
479	513
479	514
479	515
479	516
480	483
480	484
480	485
480	486
480	487
480	508
480	511
480	512
480	513
480	514
481	484
481	485
481	486
481	487
481	488
481	507
481	508
481	511
481	512
481	513
481	514
482	485
482	486
482	487
482	488
482	489
482	504
482	505
482	506
482	507
482	508
482	509
482	510
482	511
482	512
482	513
482	514
482	515
482	516
482	519
483	486
483	487
483	488
483	489
483	490
483	504
483	505
483	507
483	508
483	509
483	511
483	512
483	513
483	514
483	515
483	516
483	519
484	487
484	488
484	489
484	490
484	491
484	504
484	505
484	507
484	508
484	511
484	513
485	488
485	489
485	490
485	491
485	492
485	500
485	501
485	502
485	503
485	504
485	505
485	506
485	507
485	508
485	509
485	510
485	511
485	512
485	513
485	519
486	489
486	490
486	491
486	492
486	493
486	500
486	501
486	502
486	503
486	504
486	505
486	506
486	507
486	508
486	509
486	511
486	513
486	514
486	516
486	518
486	519
486	522
486	523
487	490
487	491
487	492
487	493
487	494
487	501
487	504
487	505
487	508
488	491
488	492
488	493
488	494
488	495
488	497
488	500
488	501
488	502
488	503
488	504
488	505
488	507
488	508
489	492
489	493
489	494
489	495
489	496
489	497
489	498
489	499
489	500
489	501
489	502
489	503
489	504
489	505
489	506
489	507
489	508
489	519
489	522
489	523
489	526
490	493
490	494
490	495
490	496
490	497
490	498
490	500
490	501
490	502
490	504
490	505
490	522
491	494
491	495
491	496
491	497
491	498
491	500
491	501
491	504
492	495
492	496
492	497
492	498
492	499
492	500
492	501
492	502
492	503
492	504
492	505
493	496
493	497
493	498
493	499
493	500
493	501
493	502
493	503
493	504
493	505
493	522
493	526
494	497
494	498
494	500
494	501
495	498
495	499
495	500
495	501
496	499
496	500
496	501
496	502
497	500
497	501
497	502
497	503
497	504
497	526
498	501
498	502
498	503
498	504
498	505
498	523
498	525
498	526
498	527
498	529
498	530
498	533
499	502
499	503
499	504
499	505
499	506
499	523
499	526
499	527
499	529
499	530
500	503
500	504
500	505
500	506
500	507
500	523
500	526
500	527
500	530
501	504
501	505
501	506
501	507
501	508
501	522
501	523
501	524
501	525
501	526
501	527
501	529
501	530
502	505
502	506
502	507
502	508
502	509
502	519
502	520
502	522
502	523
502	524
502	525
502	526
502	527
502	528
502	529
502	530
502	531
503	506
503	507
503	508
503	509
503	510
503	522
503	523
503	524
503	526
503	527
503	530
504	507
504	508
504	509
504	510
504	511
504	513
504	519
504	520
504	522
504	523
504	526
504	527
505	508
505	509
505	510
505	511
505	512
505	513
505	516
505	517
505	518
505	519
505	520
505	521
505	522
505	523
505	524
505	525
505	526
505	527
506	509
506	510
506	511
506	512
506	513
506	516
506	519
506	520
506	521
506	522
506	523
506	524
506	525
506	526
506	527
507	510
507	511
507	512
507	513
507	516
507	519
507	520
507	522
507	523
508	511
508	512
508	513
508	514
508	515
508	516
508	517
508	518
508	519
508	520
508	521
508	522
508	523
508	524
509	512
509	513
509	514
509	515
509	516
509	517
509	518
509	519
509	520
509	521
509	522
509	523
509	524
509	527
510	513
510	514
510	516
510	517
510	519
510	520
510	523
511	514
511	515
511	516
511	519
511	520
512	515
512	516
512	517
512	518
512	519
512	520
513	516
513	517
513	518
513	519
513	520
514	517
514	518
514	519
514	520
515	518
515	519
515	520
515	521
515	522
515	550
516	519
516	520
516	521
516	522
516	523
516	524
516	549
516	550
517	520
517	521
517	522
517	523
517	524
517	546
517	547
517	548
517	549
517	550
517	551
517	552
518	521
518	522
518	523
518	524
518	525
518	547
518	549
518	550
518	551
518	552
519	522
519	523
519	524
519	525
519	526
519	547
519	549
519	550
520	523
520	524
520	525
520	526
520	527
520	543
520	546
520	547
520	548
520	549
520	550
520	551
520	552
521	524
521	525
521	526
521	527
521	528
521	543
521	544
521	545
521	546
521	547
521	548
521	549
521	550
521	551
521	552
521	553
521	554
521	555
522	525
522	526
522	527
522	528
522	529
522	543
522	546
522	547
522	550
522	552
523	526
523	527
523	528
523	529
523	530
523	543
523	544
523	546
523	547
523	550
524	527
524	528
524	529
524	530
524	531
524	532
524	539
524	540
524	541
524	542
524	543
524	544
524	545
524	546
524	547
524	548
524	549
524	550
524	552
524	554
524	555
525	528
525	529
525	530
525	531
525	532
525	540
525	542
525	543
525	544
525	545
525	546
525	547
525	550
525	552
525	554
525	555
526	529
526	530
526	531
526	532
526	533
526	540
526	543
526	544
527	530
527	531
527	532
527	533
527	534
527	536
527	539
527	540
527	541
527	542
527	543
527	544
527	546
527	547
528	531
528	532
528	533
528	534
528	535
528	536
528	537
528	538
528	539
528	540
528	541
528	542
528	543
528	544
528	545
528	546
528	547
528	554
528	555
529	532
529	533
529	534
529	535
529	536
529	537
529	539
529	540
529	541
529	543
529	544
529	555
530	533
530	534
530	535
530	536
530	537
530	539
530	540
530	543
530	544
531	534
531	535
531	536
531	537
531	538
531	539
531	540
531	541
531	542
531	543
531	544
532	535
532	536
532	537
532	538
532	539
532	540
532	541
532	542
532	543
532	544
533	536
533	537
533	539
533	540
534	537
534	538
534	539
534	540
535	538
535	539
535	540
535	541
536	539
536	540
536	541
536	542
536	543
536	544
537	540
537	541
537	542
537	543
537	544
538	541
538	542
538	543
538	544
538	545
539	542
539	543
539	544
539	545
539	546
540	543
540	544
540	545
540	546
540	547
540	555
541	544
541	545
541	546
541	547
541	554
541	555
541	556
542	545
542	546
542	547
542	548
542	549
542	554
543	546
543	547
543	548
543	549
543	550
543	554
543	555
544	547
544	548
544	549
544	550
544	552
544	553
544	554
544	555
544	556
544	557
544	558
545	548
545	549
545	550
545	551
545	552
545	553
545	554
545	555
545	556
545	557
546	549
546	550
546	551
546	552
546	553
546	554
546	555
547	550
547	551
547	552
547	553
547	554
547	555
547	556
547	557
547	558
548	551
548	552
548	553
548	554
548	555
548	557
548	558
549	552
549	553
549	554
550	553
550	554
551	554
552	555
552	556
552	557
552	558
553	556
553	557
553	558
553	559
553	560
553	561
553	562
554	557
554	558
554	559
554	560
554	561
555	558
555	559
555	560
555	561
555	562
555	582
556	559
556	560
556	561
556	562
556	563
556	578
556	579
556	581
556	582
556	585
556	586
556	587
556	588
556	589
556	590
557	560
557	561
557	562
557	563
557	564
557	582
557	587
557	589
557	590
558	561
558	562
558	563
558	564
558	565
558	578
559	562
559	563
559	564
559	565
559	566
559	575
559	577
559	578
559	579
559	581
559	582
559	587
559	589
559	590
560	563
560	564
560	565
560	566
560	567
560	575
560	578
560	579
560	582
560	587
560	588
560	589
560	590
560	591
560	592
560	593
560	594
561	564
561	565
561	566
561	567
561	568
561	575
561	578
561	579
561	589
561	590
561	593
562	565
562	566
562	567
562	568
562	569
562	571
562	574
562	575
562	576
562	577
562	578
562	579
562	590
563	566
563	567
563	568
563	569
563	570
563	571
563	572
563	573
563	574
563	575
563	576
563	577
563	578
563	579
563	580
563	581
563	582
563	589
563	590
563	591
563	592
563	593
563	594
563	596
563	597
564	567
564	568
564	569
564	570
564	571
564	572
564	574
564	575
564	576
564	578
564	579
564	589
564	590
564	593
564	594
564	596
564	597
565	568
565	569
565	570
565	571
565	572
565	574
565	575
565	578
565	593
566	569
566	570
566	571
566	572
566	573
566	574
566	575
566	576
566	577
566	578
566	579
566	593
566	594
566	597
567	570
567	571
567	572
567	573
567	574
567	575
567	576
567	577
567	578
567	579
567	590
567	593
567	594
567	595
567	596
567	597
567	598
567	599
567	600
567	601
568	571
568	572
568	574
568	575
568	593
568	596
568	597
568	600
569	572
569	573
569	574
569	575
569	597
569	600
570	573
570	574
570	575
570	576
570	593
570	594
570	596
570	597
570	598
570	599
570	600
570	601
571	574
571	575
571	576
571	577
571	578
571	594
571	596
571	597
571	598
571	600
571	601
572	575
572	576
572	577
572	578
572	579
572	593
572	594
572	595
572	596
572	597
572	598
572	599
572	600
572	601
572	602
572	603
573	576
573	577
573	578
573	579
573	580
573	594
573	597
573	598
573	600
573	601
574	577
574	578
574	579
574	580
574	581
574	594
574	597
575	578
575	579
575	580
575	581
575	582
575	590
575	591
575	592
575	593
575	594
575	595
575	596
575	597
575	598
575	600
575	601
576	579
576	580
576	581
576	582
576	583
576	590
576	591
576	592
576	593
576	594
576	595
576	596
576	597
576	598
576	599
576	600
576	601
576	603
576	606
576	610
577	580
577	581
577	582
577	583
577	584
577	590
577	591
577	593
577	594
577	597
577	598
578	581
578	582
578	583
578	584
578	585
578	587
578	589
578	590
578	591
578	593
578	594
578	597
579	582
579	583
579	584
579	585
579	586
579	587
579	588
579	589
579	590
579	591
579	592
579	593
579	594
579	595
579	596
579	597
579	598
579	610
580	583
580	584
580	585
580	586
580	587
580	588
580	589
580	590
580	591
580	592
580	593
580	594
580	595
580	597
580	610
581	584
581	585
581	586
581	587
581	588
581	590
581	591
581	594
582	585
582	586
582	587
582	588
582	589
582	590
582	591
582	592
582	593
582	594
583	586
583	587
583	588
583	589
583	590
583	591
583	592
583	593
583	594
583	595
583	610
583	611
583	613
583	614
583	617
584	587
584	588
584	590
584	591
584	610
584	613
584	614
584	617
585	588
585	589
585	590
585	591
585	617
586	589
586	590
586	591
586	592
586	610
586	613
586	614
586	615
586	616
586	617
586	618
586	620
586	621
586	622
587	590
587	591
587	592
587	593
587	594
587	610
587	613
587	614
587	615
587	617
587	618
587	621
587	622
587	625
588	591
588	592
588	593
588	594
588	595
588	610
588	611
588	612
588	613
588	614
588	615
588	616
588	617
588	618
588	619
588	620
588	621
588	622
588	623
588	624
588	625
588	626
588	628
588	629
589	592
589	593
589	594
589	595
589	596
589	610
589	611
589	614
589	617
589	618
589	622
589	623
589	624
589	625
589	626
589	628
589	629
590	593
590	594
590	595
590	596
590	597
590	610
590	611
590	613
590	614
590	625
590	628
590	629
591	594
591	595
591	596
591	597
591	598
591	606
591	607
591	608
591	609
591	610
591	611
591	612
591	613
591	614
591	615
591	617
591	618
591	625
591	628
591	629
591	632
591	633
592	595
592	596
592	597
592	598
592	599
592	606
592	607
592	608
592	609
592	610
592	611
592	612
592	613
592	614
592	615
592	618
592	625
592	626
592	627
592	628
592	629
592	630
592	631
592	632
592	633
593	596
593	597
593	598
593	599
593	600
593	607
593	610
593	611
593	614
593	625
593	628
593	629
593	632
594	597
594	598
594	599
594	600
594	601
594	602
594	603
594	604
594	606
594	607
594	608
594	609
594	610
594	611
594	613
594	614
594	628
594	629
594	632
594	633
595	598
595	599
595	600
595	601
595	602
595	603
595	604
595	605
595	606
595	607
595	608
595	609
595	610
595	611
595	612
595	613
595	614
595	628
595	629
595	630
595	631
595	632
595	633
595	634
595	635
595	636
596	599
596	600
596	601
596	602
596	603
596	604
596	606
596	607
596	608
596	610
596	611
596	628
596	629
596	631
596	632
596	633
596	635
596	636
597	600
597	601
597	602
597	603
597	604
597	606
597	607
597	610
597	632
598	601
598	602
598	603
598	604
598	605
598	606
598	607
598	608
598	609
598	610
598	611
598	632
598	633
598	635
598	636
599	602
599	603
599	604
599	605
599	606
599	607
599	608
599	610
599	632
599	633
599	634
599	635
599	636
599	637
599	639
599	672
600	603
600	604
600	606
600	607
600	636
601	604
601	605
601	606
601	607
602	605
602	606
602	607
602	608
602	635
602	636
602	639
602	640
603	606
603	607
603	608
603	609
603	610
603	633
603	635
603	636
603	637
603	639
603	640
604	607
604	608
604	609
604	610
604	611
604	632
604	633
604	634
604	635
604	636
604	637
604	638
604	639
604	640
604	641
604	642
605	608
605	609
605	610
605	611
605	612
605	632
605	633
605	634
605	635
605	636
605	637
605	638
605	639
605	640
605	641
605	642
606	609
606	610
606	611
606	612
606	613
606	632
606	633
606	636
606	637
606	640
607	610
607	611
607	612
607	613
607	614
607	629
607	630
607	631
607	632
607	633
607	634
607	635
607	636
607	637
607	638
607	639
607	640
608	611
608	612
608	613
608	614
608	615
608	629
608	630
608	631
608	632
608	633
608	634
608	635
608	636
608	637
608	638
608	639
608	640
608	642
608	645
608	646
608	649
609	612
609	613
609	614
609	615
609	616
609	629
609	632
609	633
609	636
609	637
610	613
610	614
610	615
610	616
610	617
610	628
610	629
610	630
610	632
610	633
610	636
611	614
611	615
611	616
611	617
611	618
611	625
611	626
611	627
611	628
611	629
611	630
611	631
611	632
611	633
611	634
611	635
611	636
611	637
611	649
612	615
612	616
612	617
612	618
612	619
612	626
612	629
612	630
612	632
612	633
612	634
612	649
613	616
613	617
613	618
613	619
613	620
613	629
613	630
613	633
614	617
614	618
614	619
614	620
614	621
614	622
614	623
614	624
614	625
614	626
614	627
614	628
614	629
614	630
614	632
614	633
615	618
615	619
615	620
615	621
615	622
615	623
615	624
615	625
615	626
615	627
615	628
615	629
615	630
615	632
615	633
616	619
616	620
616	621
616	622
616	623
616	625
616	626
616	629
617	620
617	621
617	622
617	623
617	624
617	625
617	626
617	629
618	621
618	622
618	623
618	624
618	625
618	626
618	627
618	628
618	629
618	630
619	622
619	623
619	624
619	625
619	626
619	629
620	623
620	624
621	624
621	625
621	626
622	625
622	626
623	626
623	627
623	628
623	629
623	630
623	656
624	627
624	628
624	629
624	630
624	656
624	657
625	628
625	629
625	630
625	631
625	632
625	653
625	656
626	629
626	630
626	631
626	632
626	633
626	649
626	650
626	652
626	653
626	654
626	655
626	656
626	657
626	662
627	630
627	631
627	632
627	633
627	634
627	649
627	650
627	651
627	652
627	653
627	654
627	655
627	656
627	657
627	658
627	659
627	661
627	662
627	663
627	665
627	666
628	631
628	632
628	633
628	634
628	635
628	649
628	650
628	652
628	653
628	656
628	661
628	662
628	665
628	666
628	669
629	632
629	633
629	634
629	635
629	636
629	649
629	650
629	652
629	653
629	665
630	633
630	634
630	635
630	636
630	637
630	645
630	646
630	647
630	648
630	649
630	650
630	651
630	652
630	653
630	654
630	655
630	656
630	662
630	665
630	666
630	669
631	634
631	635
631	636
631	637
631	638
631	646
631	647
631	648
631	649
631	650
631	651
631	652
631	653
631	654
631	662
631	663
631	664
631	665
631	666
631	667
631	668
631	669
631	670
631	671
631	672
632	635
632	636
632	637
632	638
632	639
632	646
632	649
632	650
632	653
632	665
632	666
632	668
632	669
632	672
633	636
633	637
633	638
633	639
633	640
633	642
633	643
633	645
633	646
633	647
633	648
633	649
633	650
633	652
633	653
633	669
633	672
634	637
634	638
634	639
634	640
634	641
634	642
634	643
634	644
634	645
634	646
634	647
634	648
634	649
634	650
634	651
634	652
634	653
634	665
634	666
634	668
634	669
634	670
634	671
634	672
634	673
634	678
634	681
635	638
635	639
635	640
635	641
635	642
635	643
635	645
635	646
635	647
635	649
635	650
635	665
635	666
635	667
635	668
635	669
635	670
635	671
635	672
635	673
635	674
635	675
635	676
635	678
635	681
636	639
636	640
636	641
636	642
636	643
636	645
636	646
636	647
636	649
636	669
636	670
636	671
636	672
636	673
636	676
637	640
637	641
637	642
637	643
637	644
637	645
637	646
637	647
637	648
637	649
637	650
637	669
637	672
637	673
637	676
637	678
638	641
638	642
638	643
638	644
638	645
638	646
638	647
638	648
638	649
638	650
638	669
638	670
638	671
638	672
638	673
638	674
638	675
638	676
638	677
638	678
638	679
638	680
638	681
639	642
639	643
639	645
639	646
639	669
639	670
639	671
639	672
639	673
639	674
639	675
639	676
639	677
639	678
640	643
640	644
640	645
640	646
640	672
640	673
640	676
641	644
641	645
641	646
641	647
641	672
641	673
641	675
641	676
641	677
641	678
642	645
642	646
642	647
642	648
642	649
642	673
642	676
642	678
643	646
643	647
643	648
643	649
643	650
643	672
643	673
643	676
643	677
643	678
643	679
643	680
643	681
644	647
644	648
644	649
644	650
644	651
644	678
644	679
644	680
644	681
645	648
645	649
645	650
645	651
645	652
645	678
645	680
645	681
646	649
646	650
646	651
646	652
646	653
646	669
646	670
646	672
646	673
646	676
646	678
646	679
646	680
646	681
646	682
647	650
647	651
647	652
647	653
647	654
647	669
647	670
647	673
647	678
647	679
647	680
647	681
647	682
647	683
647	684
647	685
648	651
648	652
648	653
648	654
648	655
648	680
648	681
648	684
649	652
649	653
649	654
649	655
649	656
649	666
649	669
649	680
649	681
650	653
650	654
650	655
650	656
650	662
650	665
650	666
650	667
650	669
650	670
650	673
650	678
650	680
650	681
650	682
650	683
650	684
650	685
651	654
651	655
651	656
651	666
651	680
651	681
651	684
651	685
652	655
652	656
652	657
652	681
653	656
653	657
653	658
653	662
653	663
653	665
653	666
653	669
653	681
653	684
653	685
654	657
654	658
654	659
654	662
654	663
654	665
654	666
654	681
654	684
654	685
655	658
655	662
656	659
656	662
656	663
657	660
657	661
657	662
657	663
658	661
658	662
658	663
658	664
658	665
658	666
659	662
659	663
659	664
659	665
659	666
660	663
660	664
660	665
660	666
660	667
661	664
661	665
661	666
661	667
661	668
662	665
662	666
662	667
662	668
662	669
662	685
663	666
663	667
663	668
663	669
663	670
663	684
663	685
663	686
664	667
664	668
664	669
664	670
664	671
664	685
665	668
665	669
665	670
665	671
665	685
666	669
666	670
666	671
666	672
666	673
666	681
666	682
666	683
666	684
666	685
666	686
667	670
667	671
667	672
667	673
667	674
667	681
667	682
667	683
667	684
667	685
667	686
667	691
668	671
668	672
668	673
668	674
668	681
668	682
668	685
669	672
669	673
669	674
669	675
669	676
669	678
669	681
669	682
669	684
669	685
669	686
670	673
670	674
670	675
670	676
670	677
670	678
670	679
670	680
670	681
670	682
670	683
670	684
670	685
670	686
670	691
671	674
671	675
671	676
671	677
671	678
671	681
671	682
672	675
672	676
672	677
672	678
672	679
672	681
672	682
673	676
673	677
673	678
673	679
673	680
673	681
673	682
673	683
673	684
673	685
673	686
674	677
674	678
674	679
674	680
674	681
674	682
674	683
674	685
674	686
674	691
675	678
675	679
675	681
675	682
676	679
676	680
676	681
676	682
677	680
677	681
677	682
677	683
678	681
678	682
678	683
678	684
678	685
679	682
679	683
679	684
679	685
679	686
679	687
679	688
679	691
680	683
680	684
680	685
680	686
680	687
680	688
681	684
681	685
681	686
681	687
681	688
682	685
682	686
682	687
682	688
682	689
682	690
682	691
683	686
683	687
683	688
683	689
683	690
683	691
683	692
684	687
684	688
684	690
684	691
685	688
685	689
685	690
685	691
686	689
686	690
686	691
686	692
686	693
686	705
686	706
687	690
687	691
687	692
687	693
687	705
687	706
687	707
688	691
688	692
688	693
688	694
688	705
688	706
688	707
689	692
689	693
689	694
689	695
689	701
689	702
689	703
689	704
689	705
689	706
689	707
689	708
690	693
690	694
690	695
690	697
690	701
690	702
690	703
690	704
690	705
690	706
690	707
691	694
691	695
691	705
691	706
692	695
692	696
692	705
692	706
693	696
693	697
693	698
693	701
693	702
693	703
693	704
693	705
693	706
693	707
694	697
694	698
694	699
694	700
694	701
694	702
694	703
694	704
694	705
694	706
695	698
695	699
695	701
695	702
695	705
695	706
696	699
696	700
696	701
696	702
696	705
697	700
697	701
697	702
697	703
697	704
697	705
698	701
698	702
698	703
698	704
698	705
699	702
699	703
699	704
699	705
700	703
700	704
700	705
700	706
700	707
700	708
701	704
701	705
701	706
701	707
701	708
702	705
702	706
702	707
702	708
703	706
703	707
703	708
703	709
704	707
704	708
704	709
704	710
705	708
705	709
706	709
707	710
708	711
709	712
710	713
711	714
712	715
713	716
714	717
715	718
716	719
717	720
718	721
718	724
719	722
719	723
719	724
719	725
719	765
720	723
720	724
720	725
720	726
720	727
720	728
720	764
720	765
721	724
721	725
721	726
721	727
721	728
721	742
721	743
721	744
721	745
721	761
721	762
721	764
721	765
721	768
722	725
722	726
722	727
722	728
722	729
722	739
722	740
722	741
722	742
722	743
722	744
722	745
722	757
722	760
722	761
722	764
722	765
723	726
723	727
723	728
723	729
723	730
723	738
723	739
723	740
723	741
723	742
723	743
723	744
723	745
723	761
724	727
724	728
724	729
724	730
724	731
724	739
724	740
724	741
724	742
724	743
724	744
725	728
725	729
725	730
725	731
725	732
725	739
725	740
725	741
725	742
726	729
726	730
726	731
726	732
726	733
726	734
726	736
726	737
726	738
726	739
726	740
726	741
726	742
726	743
726	744
727	730
727	731
727	732
727	733
727	734
727	736
727	737
727	738
727	739
727	740
727	741
727	742
727	743
728	731
728	732
728	733
728	734
728	736
728	739
728	740
728	741
729	732
729	733
729	734
729	735
729	736
729	737
729	738
729	739
729	740
729	741
730	733
730	734
730	735
730	736
730	737
730	738
730	739
730	740
730	741
730	742
731	734
731	735
731	736
731	737
731	739
731	740
732	735
732	736
732	737
732	739
732	740
733	736
733	737
733	738
733	739
733	740
734	737
734	738
734	739
734	740
734	741
735	738
735	739
735	740
736	739
736	740
736	741
737	740
737	741
737	742
738	741
738	742
738	743
739	742
739	743
740	743
741	744
742	745
742	757
742	758
742	761
743	746
743	757
743	758
743	760
743	761
744	747
744	750
744	755
744	756
744	757
744	758
744	759
744	760
744	761
744	762
744	763
744	764
744	765
745	748
745	749
745	750
745	751
745	755
745	756
745	757
745	758
745	759
745	760
745	761
745	762
745	763
745	764
745	765
746	749
746	750
746	751
746	752
746	753
746	755
746	756
746	757
746	758
746	759
746	760
746	761
746	762
746	763
746	764
746	765
746	766
747	750
747	751
747	752
747	753
747	755
747	756
747	757
747	758
747	759
747	760
747	761
747	762
747	763
747	764
747	765
747	766
748	751
748	752
748	753
748	754
748	755
748	758
748	759
748	760
748	761
748	762
748	763
748	765
748	766
749	752
749	753
749	754
749	755
749	756
749	758
749	759
749	762
750	753
750	754
750	755
750	756
750	757
750	758
750	759
750	760
750	761
750	762
750	763
751	754
751	755
751	756
751	757
751	758
751	759
751	760
751	761
751	762
751	763
751	764
751	765
751	766
752	755
752	756
752	758
752	759
752	760
752	762
752	763
753	756
753	757
753	758
753	759
753	760
753	762
754	757
754	758
754	759
754	760
755	758
755	759
755	760
755	761
755	762
756	759
756	760
756	761
756	762
756	763
757	760
757	761
757	762
757	763
757	764
758	761
758	762
758	763
758	764
758	765
759	762
759	763
759	764
759	765
759	766
760	763
760	764
760	765
760	766
760	767
760	768
761	764
761	765
761	766
761	767
761	768
762	765
762	766
762	767
762	768
763	766
763	767
763	768
763	769
764	767
764	768
764	769
764	770
765	768
765	769
766	769
767	770
768	771
769	772
770	773
771	774
772	775
773	776
774	777
775	778
776	779
777	780
778	781
779	782
780	783
781	784
782	785
783	786
784	787
785	788
