1	4
2	5
3	6
4	7
5	8
6	9
7	10
8	11
9	12
10	13
11	14
12	15
13	16
14	17
15	18
16	19
17	20
18	21
19	22
20	23
21	24
22	25
23	26
24	27
25	28
26	29
27	30
28	31
29	32
30	33
31	34
32	35
33	36
34	37
35	38
36	39
37	40
38	41
39	42
40	43
41	44
42	45
43	46
44	47
45	48
46	49
47	50
48	51
48	52
48	53
48	54
49	52
49	53
49	54
49	55
50	53
50	54
50	55
50	56
51	54
51	55
51	56
51	57
52	55
52	56
52	57
53	56
53	57
54	57
55	58
56	59
57	60
58	61
59	62
60	63
61	64
62	65
63	66
64	67
65	68
66	69
67	70
68	71
69	72
70	73
70	605
70	606
70	609
71	74
71	605
71	606
71	609
72	75
72	609
72	612
72	613
73	76
73	609
73	612
73	613
74	77
74	612
74	613
74	616
75	78
75	616
76	79
76	616
77	80
78	81
79	82
80	83
80	696
80	697
80	698
81	84
81	322
81	323
81	353
81	697
81	698
82	85
82	323
82	356
82	357
82	696
82	697
82	698
82	699
83	86
83	322
83	323
83	324
83	357
83	697
83	698
83	699
83	700
84	87
84	323
84	324
84	357
84	697
84	698
84	699
84	700
84	701
85	88
85	323
85	324
85	325
85	698
85	699
85	700
85	701
86	89
86	144
86	145
86	146
86	698
86	699
86	700
86	701
86	702
87	90
87	144
87	145
87	146
87	147
87	148
87	700
88	91
88	144
88	145
88	146
88	147
88	148
89	92
89	116
89	117
89	120
89	121
89	123
89	124
89	144
89	145
89	146
89	147
89	148
89	149
90	93
90	94
90	95
90	98
90	116
90	117
90	120
90	121
90	124
90	145
90	146
90	147
90	148
90	149
91	94
91	95
91	96
91	97
91	98
91	99
91	116
91	117
91	118
91	119
91	120
91	121
91	122
91	123
91	124
91	125
91	146
91	147
91	149
92	95
92	96
92	97
92	98
92	99
92	100
92	101
92	102
92	117
92	120
92	121
92	124
93	96
93	97
93	98
93	99
93	121
93	124
93	125
94	97
94	98
94	99
94	100
94	101
94	117
94	120
94	121
94	122
94	124
94	125
95	98
95	99
95	100
95	101
95	102
95	117
95	118
95	119
95	120
95	121
95	122
95	123
95	124
95	125
95	126
95	127
96	99
96	100
96	101
96	102
96	103
96	117
96	118
96	119
96	120
96	121
96	122
96	123
96	124
96	125
96	126
97	100
97	101
97	102
97	103
97	104
97	117
97	118
97	120
97	121
97	122
97	124
97	125
98	101
98	102
98	103
98	104
98	105
98	113
98	114
98	115
98	116
98	117
98	118
98	119
98	120
98	121
98	122
98	123
98	124
98	125
99	102
99	103
99	104
99	105
99	106
99	113
99	114
99	115
99	116
99	117
99	118
99	119
99	120
99	121
99	122
99	123
99	124
99	125
100	103
100	104
100	105
100	106
100	107
100	114
100	115
100	117
100	118
100	119
100	120
100	121
100	122
101	104
101	105
101	106
101	107
101	108
101	110
101	113
101	114
101	115
101	116
101	117
101	118
101	120
101	121
102	105
102	106
102	107
102	108
102	109
102	110
102	111
102	112
102	113
102	114
102	115
102	116
102	117
102	118
102	119
102	120
102	121
102	122
103	106
103	107
103	108
103	109
103	110
103	111
103	112
103	113
103	114
103	115
103	116
103	117
103	118
103	119
103	121
104	107
104	108
104	109
104	110
104	111
104	113
104	114
104	115
104	117
104	118
105	108
105	109
105	110
105	111
105	112
105	113
105	114
105	115
105	116
105	117
105	118
106	109
106	110
106	111
106	112
106	113
106	114
106	115
106	116
106	117
106	118
107	110
107	111
107	112
107	113
107	114
107	115
108	111
108	112
108	113
108	114
109	112
109	113
109	114
109	115
110	113
110	114
110	115
110	116
110	117
111	114
111	115
111	116
111	117
111	118
112	115
112	116
112	117
112	118
112	119
113	116
113	117
113	118
113	119
113	120
114	117
114	118
114	119
114	120
114	121
115	118
115	119
115	120
115	121
115	122
115	147
115	149
115	150
115	153
116	119
116	120
116	121
116	122
116	123
116	146
116	147
116	148
116	149
116	150
116	151
116	152
116	153
117	120
117	121
117	122
117	123
117	124
117	147
117	149
117	150
117	153
118	121
118	122
118	123
118	124
118	125
118	126
118	147
118	149
118	150
118	152
118	153
119	122
119	123
119	124
119	125
119	126
119	127
119	146
119	147
119	148
119	149
119	150
119	151
119	152
119	153
119	154
119	155
119	156
120	123
120	124
120	125
120	126
120	127
120	145
120	146
120	147
120	148
120	149
120	150
120	151
120	152
120	153
121	124
121	125
121	126
121	127
121	147
121	148
121	149
121	150
121	152
121	153
122	125
122	126
122	127
122	128
122	129
122	148
122	149
122	150
122	151
122	152
122	153
122	154
122	155
122	156
122	157
123	126
123	127
123	128
123	129
123	130
123	136
123	137
123	140
123	145
123	146
123	147
123	148
123	149
123	150
123	151
123	152
123	153
123	154
123	155
123	156
123	157
124	127
124	128
124	129
124	130
124	147
124	148
124	149
124	150
124	152
124	153
124	156
125	128
125	129
125	130
125	149
125	152
125	153
125	156
126	129
126	130
126	131
126	136
126	149
126	152
126	153
126	155
126	156
126	157
127	130
127	131
127	132
127	134
127	135
127	136
127	137
127	140
127	148
127	149
127	152
127	153
127	155
127	156
128	131
128	132
128	134
128	136
129	132
129	133
129	134
129	136
129	156
130	133
130	134
130	135
130	136
130	137
130	152
130	155
130	156
130	158
130	160
130	161
131	134
131	135
131	136
131	137
131	156
131	158
131	160
131	161
131	162
131	163
132	135
132	136
132	137
132	161
132	162
132	163
133	136
133	137
133	138
133	160
133	161
133	162
133	163
133	164
133	165
133	168
134	137
134	138
134	139
134	140
134	152
134	155
134	156
134	157
134	158
134	159
134	160
134	161
134	162
134	163
134	164
134	165
134	167
134	168
134	171
134	172
135	138
135	139
135	140
135	141
135	151
135	152
135	154
135	155
135	156
135	157
135	158
135	159
135	160
135	161
135	162
135	163
135	164
135	165
135	166
135	167
135	168
135	169
135	170
135	171
135	172
135	173
135	174
135	175
136	139
136	140
136	141
136	142
136	148
136	149
136	150
136	151
136	152
136	153
136	154
136	155
136	156
136	157
136	158
136	159
136	160
136	161
136	163
136	167
136	168
136	170
136	171
136	172
136	175
137	140
137	141
137	142
137	143
137	145
137	148
137	149
137	151
137	152
137	153
137	154
137	155
137	156
137	168
137	171
137	172
137	174
137	175
138	141
138	142
138	143
138	148
138	151
138	152
138	154
138	155
138	167
138	168
138	169
138	170
138	171
138	172
138	173
138	174
138	175
138	176
138	177
138	178
138	179
139	142
139	143
139	144
139	145
139	147
139	148
139	149
139	150
139	151
139	152
139	153
139	154
139	155
139	156
139	157
139	158
139	167
139	168
139	169
139	170
139	171
139	172
139	173
139	174
139	175
139	176
139	177
139	178
139	179
140	143
140	144
140	145
140	146
140	147
140	148
140	149
140	150
140	151
140	152
140	153
140	154
140	155
140	156
140	171
140	172
140	174
140	175
140	178
141	144
141	145
141	146
141	147
141	148
141	149
141	150
141	151
141	152
141	155
141	171
141	172
141	173
141	174
141	175
141	176
141	177
141	178
141	179
141	182
142	145
142	146
142	147
142	148
142	149
142	150
142	151
142	152
142	154
142	155
142	171
142	172
142	173
142	174
142	175
142	176
142	177
142	178
142	179
142	180
142	181
142	182
142	212
143	146
143	147
143	148
143	149
143	150
143	151
143	152
143	174
143	175
143	178
143	179
143	181
143	182
144	147
144	148
144	149
144	150
144	151
144	178
144	179
144	182
145	148
145	149
145	150
145	151
145	152
146	149
146	150
146	151
146	152
147	150
147	151
147	152
147	153
148	151
148	152
148	153
148	154
148	155
149	152
149	153
149	154
149	155
149	156
150	153
150	154
150	155
150	156
150	157
151	154
151	155
151	156
151	157
151	158
151	171
151	174
151	175
152	155
152	156
152	157
152	158
152	171
153	156
153	157
153	158
154	157
154	158
154	159
154	171
155	158
155	159
155	160
155	161
155	167
155	168
155	170
155	171
156	159
156	160
156	161
157	160
157	161
157	167
158	161
158	162
158	163
158	165
158	166
158	167
158	168
158	171
159	162
159	163
159	165
159	166
159	167
159	168
160	163
160	164
160	165
160	166
160	167
160	168
161	164
161	165
161	166
161	167
161	168
162	165
162	166
162	167
162	168
163	166
163	167
163	168
163	169
163	171
163	172
164	167
164	168
164	169
165	168
165	169
165	170
165	171
166	169
166	170
166	171
166	172
166	173
167	170
167	171
167	172
167	173
167	174
167	205
168	171
168	172
168	173
168	174
168	175
169	172
169	173
169	174
169	175
169	176
169	195
169	196
169	199
170	173
170	174
170	175
170	176
170	177
170	192
170	193
170	195
170	196
170	197
170	199
170	200
170	204
170	205
170	206
170	208
170	209
171	174
171	175
171	176
171	177
171	178
171	196
171	205
171	209
172	175
172	176
172	177
172	178
172	179
172	192
172	193
172	196
173	176
173	177
173	178
173	179
173	180
173	188
173	189
173	191
173	192
173	193
173	194
173	195
173	196
173	197
173	199
173	205
173	208
173	209
173	212
174	177
174	178
174	179
174	180
174	181
174	189
174	190
174	192
174	193
174	194
174	195
174	196
174	197
174	205
174	206
174	208
174	209
174	210
174	211
174	212
174	213
175	178
175	179
175	180
175	181
175	182
175	189
175	192
175	193
175	196
175	209
175	212
176	179
176	180
176	181
176	182
176	183
176	185
176	186
176	188
176	189
176	190
176	191
176	192
176	193
176	195
176	196
176	209
176	212
177	180
177	181
177	182
177	183
177	184
177	185
177	186
177	187
177	188
177	189
177	190
177	191
177	192
177	193
177	194
177	195
177	196
177	208
177	209
177	210
177	211
177	212
177	213
177	215
177	216
178	181
178	182
178	183
178	184
178	185
178	186
178	188
178	189
178	190
178	192
178	193
178	208
178	209
178	211
178	212
178	213
178	215
178	216
179	182
179	183
179	184
179	185
179	186
179	188
179	189
179	192
179	212
179	216
180	183
180	184
180	185
180	186
180	187
180	188
180	189
180	190
180	191
180	192
180	193
180	212
180	213
180	215
180	216
180	220
181	184
181	185
181	186
181	187
181	188
181	189
181	190
181	191
181	192
181	193
181	211
181	212
181	213
181	214
181	215
181	216
181	217
181	218
181	219
181	220
182	185
182	186
182	187
182	188
182	189
182	212
182	215
182	216
182	219
183	186
183	187
183	188
183	189
183	216
183	219
183	220
184	187
184	188
184	189
184	190
184	215
184	216
184	217
184	218
184	219
184	220
184	221
184	222
184	223
184	224
185	188
185	189
185	190
185	191
185	192
185	212
185	213
185	215
185	216
185	217
185	219
185	220
185	221
185	222
185	223
186	189
186	190
186	191
186	192
186	193
186	212
186	213
186	214
186	215
186	216
186	217
186	218
186	219
186	220
186	221
186	222
186	223
186	224
186	232
187	190
187	191
187	192
187	193
187	194
187	212
187	213
187	214
187	215
187	216
187	217
187	218
187	219
187	220
187	221
187	222
187	223
187	224
187	232
188	191
188	192
188	193
188	194
188	195
188	212
188	213
188	216
188	217
188	220
189	192
189	193
189	194
189	195
189	196
189	197
189	209
189	210
189	211
189	212
189	213
189	214
189	215
189	216
189	217
189	218
189	219
189	220
190	193
190	194
190	195
190	196
190	197
190	198
190	209
190	210
190	211
190	212
190	213
190	214
190	215
190	216
190	217
190	218
190	219
190	220
190	232
190	235
190	236
190	239
191	194
191	195
191	196
191	197
191	198
191	209
191	210
191	212
191	213
191	214
191	216
191	217
192	195
192	196
192	197
192	198
192	199
192	209
192	210
192	212
192	213
192	216
193	196
193	197
193	198
193	199
193	200
193	201
193	205
193	206
193	207
193	208
193	209
193	210
193	211
193	212
193	213
193	214
193	215
193	216
193	217
193	239
194	197
194	198
194	199
194	200
194	201
194	205
194	206
194	207
194	208
194	209
194	210
194	211
194	212
194	213
194	214
194	216
194	217
194	239
195	198
195	199
195	200
195	201
195	206
195	209
195	210
195	212
195	213
196	199
196	200
196	201
196	202
196	203
196	204
196	205
196	206
196	207
196	208
196	209
196	210
196	211
196	212
196	213
197	200
197	201
197	202
197	203
197	204
197	205
197	206
197	207
197	208
197	209
197	210
197	211
197	212
197	213
197	214
197	239
197	243
198	201
198	202
198	203
198	205
198	206
198	209
198	210
199	202
199	203
199	204
199	205
199	206
199	209
199	210
200	203
200	204
200	205
200	206
200	207
200	208
200	209
200	210
201	204
201	205
201	206
201	207
201	208
201	209
201	210
201	242
201	243
201	246
201	247
202	205
202	206
202	207
202	208
202	209
202	210
202	242
202	243
202	246
202	247
203	206
203	207
203	208
203	209
203	210
203	246
203	247
204	207
204	208
204	209
204	210
204	250
205	208
205	209
205	210
205	211
205	212
205	250
205	252
206	209
206	210
206	211
206	212
206	213
206	242
206	243
206	246
206	247
206	250
206	252
207	210
207	211
207	212
207	213
207	214
207	239
207	240
207	242
207	243
207	244
207	245
207	246
207	247
207	248
207	249
207	250
207	251
207	252
207	253
207	255
207	256
208	211
208	212
208	213
208	214
208	215
208	243
208	247
208	250
208	251
208	252
208	253
208	255
208	256
209	212
209	213
209	214
209	215
209	216
209	239
209	243
209	252
209	256
210	213
210	214
210	215
210	216
210	217
210	236
210	238
210	239
210	240
210	241
210	242
210	243
210	244
210	246
210	247
210	252
210	253
210	255
210	256
210	259
211	214
211	215
211	216
211	217
211	218
211	236
211	239
211	240
211	241
211	242
211	243
211	244
211	247
211	250
211	251
211	252
211	253
211	254
211	255
211	256
211	257
211	258
211	259
211	260
212	215
212	216
212	217
212	218
212	219
212	220
212	236
212	239
212	240
212	243
212	252
212	255
212	256
212	259
213	216
213	217
213	218
213	219
213	220
213	232
213	235
213	236
213	237
213	238
213	239
213	240
213	243
213	256
213	259
214	217
214	218
214	219
214	220
214	221
214	232
214	233
214	234
214	235
214	236
214	237
214	238
214	239
214	240
214	241
214	242
214	243
214	244
214	252
214	255
214	256
214	257
214	258
214	259
214	260
214	262
214	263
215	218
215	219
215	220
215	221
215	222
215	232
215	233
215	235
215	236
215	237
215	239
215	240
215	252
215	255
215	256
215	257
215	258
215	259
215	260
215	262
215	263
216	219
216	220
216	221
216	222
216	223
216	232
216	233
216	235
216	236
216	239
216	240
216	256
216	259
217	220
217	221
217	222
217	223
217	224
217	228
217	229
217	230
217	231
217	232
217	233
217	234
217	235
217	236
217	237
217	238
217	239
217	240
217	256
217	259
217	262
217	263
218	221
218	222
218	223
218	224
218	228
218	229
218	230
218	231
218	232
218	233
218	234
218	235
218	236
218	237
218	239
218	240
218	256
218	258
218	259
218	260
218	261
218	262
218	263
218	266
219	222
219	223
219	224
219	229
219	232
219	233
219	236
219	259
219	262
220	223
220	224
220	225
220	226
220	228
220	229
220	230
220	231
220	232
220	233
220	235
220	236
221	224
221	225
221	226
221	227
221	228
221	229
221	230
221	231
221	232
221	233
221	234
221	235
221	236
222	225
222	226
222	227
222	228
222	229
222	230
222	232
222	233
223	226
223	227
223	228
223	229
223	232
224	227
224	228
224	229
224	230
224	231
224	232
224	233
225	228
225	229
225	230
225	231
225	232
226	229
226	230
226	231
226	232
226	233
227	230
227	231
227	232
227	233
228	231
228	232
228	233
228	234
228	235
229	232
229	233
229	234
229	235
229	236
229	237
229	266
230	233
230	234
230	235
230	236
230	237
230	263
230	266
230	267
231	234
231	235
231	236
231	237
231	238
231	266
232	235
232	236
232	237
232	238
232	239
232	263
232	266
233	236
233	237
233	238
233	239
233	240
233	241
233	259
233	260
233	262
233	263
233	264
233	265
233	266
233	267
234	237
234	238
234	239
234	240
234	241
234	262
234	263
234	264
234	265
234	266
234	267
235	238
235	239
235	240
235	241
235	242
235	259
235	263
235	266
236	239
236	240
236	241
236	242
236	243
236	256
236	258
236	259
236	260
236	261
236	262
236	263
236	264
236	265
236	266
236	267
237	240
237	241
237	242
237	243
237	244
237	256
237	257
237	258
237	259
237	260
237	261
237	262
237	263
237	264
237	265
237	266
237	267
237	268
237	269
238	241
238	242
238	243
238	244
238	245
238	259
238	260
238	262
238	263
238	264
238	266
238	267
239	242
239	243
239	244
239	245
239	246
239	247
239	256
239	257
239	259
239	260
239	263
240	243
240	244
240	245
240	246
240	247
240	248
240	252
240	253
240	255
240	256
240	257
240	258
240	259
240	260
240	261
240	262
240	263
240	264
240	266
241	244
241	245
241	246
241	247
241	248
241	253
241	256
241	257
241	258
241	259
241	260
241	261
241	262
241	263
241	264
241	267
242	245
242	246
242	247
242	248
242	256
242	257
242	259
242	260
242	263
243	246
243	247
243	248
243	249
243	250
243	252
243	253
243	254
243	255
243	256
243	257
243	258
243	259
243	260
243	263
244	247
244	248
244	249
244	250
244	252
244	253
244	254
244	255
244	256
244	257
244	258
244	259
244	260
244	261
244	263
244	276
245	248
245	249
245	253
245	256
245	257
245	260
246	249
246	250
246	252
246	253
246	256
247	250
247	251
247	252
247	253
247	254
247	255
247	256
247	257
248	251
248	252
248	253
248	254
248	255
248	256
248	257
248	260
248	279
248	283
249	252
249	253
249	254
249	255
249	256
249	257
249	283
250	253
250	254
250	255
250	256
250	257
250	283
251	254
251	255
251	256
251	257
251	283
251	284
252	255
252	256
252	257
252	258
252	259
252	280
252	283
252	284
252	289
253	256
253	257
253	258
253	259
253	260
253	276
253	279
253	280
253	283
253	284
253	289
254	257
254	258
254	259
254	260
254	261
254	276
254	277
254	278
254	279
254	280
254	281
254	282
254	283
254	284
254	285
254	287
254	288
254	289
254	290
254	293
255	258
255	259
255	260
255	261
255	262
255	276
255	277
255	279
255	280
255	281
255	283
255	284
255	287
255	288
255	289
255	290
255	292
255	293
256	259
256	260
256	261
256	262
256	263
256	276
256	280
256	289
256	290
256	293
257	260
257	261
257	262
257	263
257	264
257	272
257	273
257	275
257	276
257	277
257	278
257	279
257	280
257	281
257	282
257	283
257	284
257	289
257	290
257	293
258	261
258	262
258	263
258	264
258	265
258	272
258	273
258	274
258	275
258	276
258	277
258	278
258	279
258	280
258	281
258	283
258	284
258	287
258	288
258	289
258	290
258	291
258	292
258	293
258	294
258	295
258	296
258	297
259	262
259	263
259	264
259	265
259	266
259	273
259	276
259	277
259	280
259	289
259	290
259	292
259	293
259	296
259	297
260	263
260	264
260	265
260	266
260	267
260	268
260	269
260	272
260	273
260	274
260	275
260	276
260	277
260	279
260	280
260	293
260	296
260	297
261	264
261	265
261	266
261	267
261	268
261	269
261	270
261	271
261	272
261	273
261	274
261	275
261	276
261	277
261	278
261	279
261	280
261	281
261	289
261	290
261	292
261	293
261	294
261	295
261	296
261	297
261	298
261	299
261	300
262	265
262	266
262	267
262	268
262	269
262	270
262	272
262	273
262	274
262	276
262	277
262	280
262	289
262	292
262	293
262	294
262	295
262	296
262	297
262	298
262	299
262	300
263	266
263	267
263	268
263	269
263	270
263	272
263	273
263	276
263	277
263	293
263	296
263	297
263	300
264	267
264	268
264	269
264	270
264	271
264	272
264	273
264	274
264	275
264	276
264	277
264	296
264	297
264	300
265	268
265	269
265	270
265	271
265	272
265	273
265	274
265	275
265	276
265	277
265	293
265	295
265	296
265	297
265	298
265	299
265	300
265	301
265	302
265	303
265	304
266	269
266	270
266	272
266	273
266	296
266	297
266	299
266	300
266	303
266	304
267	270
267	271
267	272
267	273
267	300
267	303
268	271
268	272
268	273
268	274
268	297
268	299
268	300
268	301
268	302
268	303
268	304
269	272
269	273
269	274
269	275
269	276
269	297
269	300
269	301
269	304
270	273
270	274
270	275
270	276
270	277
270	297
270	298
270	300
270	301
270	302
270	303
270	304
271	274
271	275
271	276
271	277
271	278
271	297
271	300
271	301
272	275
272	276
272	277
272	278
272	279
272	280
272	297
272	300
273	276
273	277
273	278
273	279
273	280
273	293
273	294
273	296
273	297
273	298
273	299
273	300
273	301
273	304
274	277
274	278
274	279
274	280
274	281
274	293
274	294
274	296
274	297
274	298
274	300
274	301
275	278
275	279
275	280
275	281
275	282
275	293
275	294
275	297
276	279
276	280
276	281
276	282
276	283
276	290
276	293
276	294
276	296
276	297
277	280
277	281
277	282
277	283
277	284
277	285
277	286
277	289
277	290
277	291
277	292
277	293
277	294
277	295
277	296
277	297
277	298
277	300
277	301
277	313
278	281
278	282
278	283
278	284
278	285
278	286
278	290
278	291
278	293
278	294
278	297
279	282
279	283
279	284
279	285
279	286
279	290
279	293
279	294
280	283
280	284
280	285
280	286
280	287
280	288
280	289
280	290
280	291
280	292
280	293
280	294
280	296
280	297
281	284
281	285
281	286
281	287
281	288
281	289
281	290
281	291
281	292
281	293
281	294
281	295
281	297
281	317
282	285
282	286
282	287
282	289
282	290
282	291
282	293
283	286
283	287
283	289
283	290
283	291
284	287
284	288
284	289
284	290
284	291
284	292
284	293
285	288
285	289
285	290
285	291
285	292
285	293
285	294
285	320
286	289
286	290
286	291
286	292
286	293
286	294
286	295
286	316
286	317
286	318
286	319
286	320
286	321
286	324
286	326
287	290
287	291
287	292
287	293
287	294
287	317
287	320
287	321
287	324
287	326
288	291
288	292
288	293
288	294
288	295
288	317
288	320
288	321
288	322
288	323
288	324
288	325
288	326
288	327
289	292
289	293
289	294
289	295
289	296
289	297
289	317
289	321
289	324
289	325
289	326
290	293
290	294
290	295
290	296
290	297
290	317
290	320
290	321
290	326
291	294
291	295
291	296
291	297
291	298
291	313
291	314
291	315
291	316
291	317
291	318
291	319
291	320
291	321
291	322
291	323
291	324
291	325
291	326
291	327
291	329
291	330
292	295
292	296
292	297
292	298
292	299
292	313
292	314
292	317
292	318
292	320
292	321
292	324
292	325
292	326
292	327
292	328
292	329
292	330
293	296
293	297
293	298
293	299
293	300
293	313
293	314
293	317
293	321
293	326
293	329
293	330
294	297
294	298
294	299
294	300
294	301
294	310
294	311
294	312
294	313
294	314
294	315
294	316
294	317
294	318
294	319
294	320
294	321
294	326
294	329
294	330
295	298
295	299
295	300
295	301
295	302
295	309
295	310
295	311
295	312
295	313
295	314
295	315
295	316
295	317
295	318
295	319
295	320
295	321
295	326
295	327
295	328
295	329
295	330
295	331
295	332
295	333
295	334
296	299
296	300
296	301
296	302
296	303
296	310
296	311
296	313
296	314
296	317
296	326
296	329
296	330
296	332
296	333
296	334
297	300
297	301
297	302
297	303
297	304
297	306
297	309
297	310
297	311
297	312
297	313
297	314
297	317
297	330
297	333
298	301
298	302
298	303
298	304
298	305
298	306
298	307
298	308
298	309
298	310
298	311
298	312
298	313
298	314
298	315
298	316
298	317
298	318
298	329
298	330
298	331
298	332
298	333
298	334
298	337
299	302
299	303
299	304
299	305
299	306
299	307
299	308
299	309
299	310
299	311
299	312
299	313
299	314
299	329
299	330
299	331
299	332
299	333
299	334
299	336
299	337
300	303
300	304
300	305
300	306
300	307
300	309
300	310
300	311
300	313
300	314
300	333
301	304
301	305
301	306
301	307
301	308
301	309
301	310
301	311
301	312
301	313
301	314
301	333
301	334
301	337
302	305
302	306
302	307
302	308
302	309
302	310
302	311
302	312
302	313
302	314
302	333
302	334
302	336
302	337
302	338
303	306
303	307
303	308
303	309
303	310
303	333
303	337
304	307
304	308
304	309
304	310
305	308
305	309
305	310
305	311
305	337
306	309
306	310
306	311
306	312
306	313
306	337
306	341
307	310
307	311
307	312
307	313
307	314
307	315
307	333
307	334
307	335
307	336
307	337
307	338
307	339
307	340
307	341
308	311
308	312
308	313
308	314
308	315
308	334
308	335
308	336
308	337
308	338
308	339
308	340
308	341
308	342
308	343
309	312
309	313
309	314
309	315
309	316
309	334
309	337
309	338
310	313
310	314
310	315
310	316
310	317
310	318
310	330
310	331
310	333
310	334
310	335
310	336
310	337
310	338
311	314
311	315
311	316
311	317
311	318
311	330
311	331
311	332
311	333
311	334
311	335
311	336
311	337
311	338
311	339
311	340
311	341
311	343
311	346
311	347
311	350
312	315
312	316
312	317
312	318
312	319
312	330
312	333
312	334
312	335
312	337
312	338
313	316
313	317
313	318
313	319
313	320
313	321
313	330
313	331
313	333
313	334
313	337
314	317
314	318
314	319
314	320
314	321
314	322
314	326
314	327
314	328
314	329
314	330
314	331
314	332
314	333
314	334
314	335
314	336
314	337
314	338
314	350
315	318
315	319
315	320
315	321
315	322
315	326
315	327
315	328
315	329
315	330
315	331
315	332
315	333
315	334
315	335
315	337
315	338
315	346
315	347
315	349
315	350
316	319
316	320
316	321
316	322
316	327
316	330
316	331
316	334
317	320
317	321
317	322
317	323
317	324
317	326
317	327
317	328
317	329
317	330
317	331
317	333
317	334
318	321
318	322
318	323
318	324
318	325
318	326
318	327
318	328
318	329
318	330
318	331
318	332
318	333
318	334
318	335
318	346
318	349
318	350
318	353
318	354
319	322
319	323
319	324
319	325
319	326
319	327
319	328
319	329
319	330
319	331
319	334
319	349
319	350
319	353
320	323
320	324
320	325
320	326
320	327
320	330
321	324
321	325
321	326
321	327
321	328
321	329
321	330
321	331
321	353
321	357
322	325
322	326
322	327
322	328
322	329
322	330
322	331
322	349
322	350
322	353
322	354
322	357
323	326
323	327
323	328
323	329
323	330
323	353
323	357
324	327
324	328
324	329
324	330
324	331
324	353
324	357
324	358
325	328
325	329
325	330
325	331
325	332
325	353
325	354
325	356
325	357
325	358
325	359
326	329
326	330
326	331
326	332
326	333
326	334
326	353
326	354
326	357
326	358
327	330
327	331
327	332
327	333
327	334
327	335
327	349
327	350
327	351
327	352
327	353
327	354
327	355
327	356
327	357
327	358
328	331
328	332
328	333
328	334
328	335
328	349
328	350
328	351
328	352
328	353
328	354
328	355
328	356
328	357
328	358
328	359
328	360
329	332
329	333
329	334
329	335
329	336
329	350
329	351
329	353
329	354
329	355
329	356
329	357
329	358
329	359
329	360
330	333
330	334
330	335
330	336
330	337
330	338
330	347
330	349
330	350
330	351
330	353
330	354
330	357
330	358
331	334
331	335
331	336
331	337
331	338
331	339
331	346
331	347
331	348
331	349
331	350
331	351
331	352
331	353
331	354
331	355
331	356
331	357
331	358
331	368
332	335
332	336
332	337
332	338
332	339
332	347
332	348
332	349
332	350
332	351
332	352
332	353
332	354
332	355
332	356
332	357
332	358
332	359
332	360
332	364
332	365
332	368
332	371
332	372
333	336
333	337
333	338
333	339
333	340
333	347
333	350
333	351
333	353
333	354
333	368
334	337
334	338
334	339
334	340
334	341
334	343
334	344
334	346
334	347
334	348
334	349
334	350
334	351
334	353
334	354
335	338
335	339
335	340
335	341
335	342
335	343
335	344
335	345
335	346
335	347
335	348
335	349
335	350
335	351
335	352
335	353
335	354
335	355
335	368
335	369
335	371
335	372
335	375
336	339
336	340
336	341
336	342
336	343
336	344
336	346
336	347
336	348
336	349
336	350
336	351
336	354
336	367
336	368
336	371
336	372
336	375
337	340
337	341
337	342
337	343
337	344
337	346
337	347
337	348
337	350
337	351
338	341
338	342
338	343
338	344
338	345
338	346
338	347
338	348
338	349
338	350
338	351
338	371
338	372
338	375
339	342
339	343
339	344
339	345
339	346
339	347
339	348
339	349
339	350
339	351
339	368
339	371
339	372
339	373
339	374
339	375
339	376
339	378
339	379
340	343
340	344
340	346
340	347
340	371
340	374
340	375
341	344
341	345
341	346
341	347
341	375
342	345
342	346
342	347
342	348
342	371
342	372
342	374
342	375
342	376
342	377
342	378
342	379
343	346
343	347
343	348
343	349
343	350
343	375
343	376
343	378
343	379
344	347
344	348
344	349
344	350
344	351
344	371
344	372
344	373
344	374
344	375
344	376
344	377
344	378
344	379
344	380
344	381
345	348
345	349
345	350
345	351
345	352
345	372
345	374
345	375
345	376
345	377
345	378
345	379
345	380
345	381
346	349
346	350
346	351
346	352
346	353
346	372
346	375
346	376
346	378
346	379
347	350
347	351
347	352
347	353
347	354
347	368
347	369
347	371
347	372
347	373
347	374
347	375
347	376
347	378
347	379
348	351
348	352
348	353
348	354
348	355
348	368
348	369
348	370
348	371
348	372
348	373
348	374
348	375
348	376
348	377
348	378
348	379
348	380
348	381
348	384
348	385
348	388
349	352
349	353
349	354
349	355
349	356
349	357
349	372
349	375
349	376
349	379
350	353
350	354
350	355
350	356
350	357
350	358
350	368
350	369
350	371
350	372
350	375
351	354
351	355
351	356
351	357
351	358
351	359
351	360
351	364
351	365
351	366
351	367
351	368
351	369
351	370
351	371
351	372
351	373
351	374
351	375
351	376
351	388
352	355
352	356
352	357
352	358
352	359
352	365
352	368
352	369
352	370
352	371
352	372
352	373
352	375
352	376
352	384
352	388
353	356
353	357
353	358
353	359
353	360
353	368
353	369
353	372
354	357
354	358
354	359
354	360
354	361
354	364
354	365
354	368
354	369
354	372
355	358
355	359
355	360
355	361
355	362
355	364
355	365
355	366
355	367
355	368
355	369
355	370
355	371
355	372
355	388
355	392
356	359
356	360
356	365
356	368
356	369
357	360
358	361
358	364
358	365
358	368
359	362
359	363
359	364
359	365
359	366
359	368
359	369
360	363
360	364
360	365
360	366
360	367
360	368
360	369
361	364
361	365
361	366
361	367
361	368
361	369
361	395
362	365
362	366
362	367
362	368
362	369
362	370
362	391
362	392
362	393
362	394
362	395
362	396
362	397
363	366
363	367
363	368
363	369
363	370
363	392
363	395
363	396
363	397
363	400
363	402
364	367
364	368
364	369
364	370
364	371
364	392
364	395
364	396
364	402
365	368
365	369
365	370
365	371
365	372
365	388
365	389
365	391
365	392
365	393
365	395
365	396
366	369
366	370
366	371
366	372
366	373
366	388
366	389
366	390
366	391
366	392
366	393
366	394
366	395
366	396
366	397
366	400
366	402
366	403
366	406
367	370
367	371
367	372
367	373
367	374
367	388
367	389
367	391
367	392
367	393
367	395
367	396
367	400
367	401
367	402
367	403
367	405
367	406
368	371
368	372
368	373
368	374
368	375
368	388
368	389
368	391
368	392
368	402
369	372
369	373
369	374
369	375
369	376
369	384
369	385
369	386
369	387
369	388
369	389
369	390
369	391
369	392
369	393
369	394
369	395
369	396
369	402
369	406
370	373
370	374
370	375
370	376
370	377
370	384
370	385
370	386
370	387
370	388
370	389
370	390
370	391
370	392
370	393
370	394
370	395
370	396
370	402
370	403
370	405
370	406
370	407
370	409
370	410
371	374
371	375
371	376
371	377
371	378
371	385
371	388
371	389
371	392
371	402
371	406
371	409
372	375
372	376
372	377
372	378
372	379
372	381
372	382
372	384
372	385
372	386
372	387
372	388
372	389
372	390
372	391
372	392
373	376
373	377
373	378
373	379
373	380
373	381
373	382
373	383
373	384
373	385
373	386
373	387
373	388
373	389
373	390
373	391
373	392
373	393
373	406
373	409
373	410
373	412
373	413
373	414
374	377
374	378
374	379
374	380
374	381
374	382
374	383
374	384
374	385
374	386
374	387
374	388
374	389
374	392
374	406
374	409
374	410
374	412
374	413
375	378
375	379
375	380
375	381
375	382
375	384
375	385
375	386
375	388
375	389
375	413
376	379
376	380
376	381
376	382
376	383
376	384
376	385
376	386
376	387
376	388
376	389
376	413
376	416
376	417
377	380
377	381
377	382
377	383
377	384
377	385
377	386
377	387
377	388
377	389
377	409
377	410
377	412
377	413
377	414
377	415
377	416
377	417
378	381
378	382
378	384
378	385
378	413
378	416
379	382
379	383
379	384
379	385
380	383
380	384
380	385
380	386
380	413
380	416
380	417
381	384
381	385
381	386
381	387
381	388
381	413
381	414
381	416
381	417
381	418
382	385
382	386
382	387
382	388
382	389
382	390
382	409
382	410
382	411
382	412
382	413
382	414
382	415
382	416
382	417
382	418
382	419
382	423
383	386
383	387
383	388
383	389
383	390
383	410
383	411
383	412
383	413
383	414
383	415
383	416
383	417
383	418
383	419
383	422
383	423
384	387
384	388
384	389
384	390
384	391
384	410
384	413
384	414
384	416
384	417
384	418
385	388
385	389
385	390
385	391
385	392
385	409
385	410
385	411
385	412
385	413
385	414
385	415
385	416
385	417
386	389
386	390
386	391
386	392
386	393
386	406
386	407
386	408
386	409
386	410
386	411
386	412
386	413
386	414
386	415
386	416
386	417
386	418
386	419
386	422
386	423
386	426
387	390
387	391
387	392
387	393
387	394
387	410
387	411
387	413
387	414
387	417
387	419
387	422
388	391
388	392
388	393
388	394
388	395
388	409
388	410
388	413
388	414
389	392
389	393
389	394
389	395
389	396
389	402
389	403
389	406
389	407
389	408
389	409
389	410
389	411
389	412
389	413
389	414
389	426
390	393
390	394
390	395
390	396
390	403
390	406
390	407
390	408
390	409
390	410
390	411
390	413
390	414
390	422
390	423
390	426
391	394
391	395
391	396
391	403
391	407
391	410
392	395
392	396
392	397
392	398
392	400
392	402
392	403
392	404
392	406
392	407
392	409
392	410
393	396
393	397
393	398
393	399
393	400
393	401
393	402
393	403
393	404
393	405
393	406
393	407
393	408
393	409
393	410
393	411
393	426
393	429
394	397
394	398
394	400
394	403
394	407
394	410
395	398
395	399
395	400
395	402
395	403
396	399
396	400
396	401
396	402
396	403
396	404
396	405
396	406
396	407
397	400
397	401
397	402
397	403
397	404
397	407
398	401
398	402
398	403
398	404
398	405
398	406
398	407
398	429
398	430
398	433
399	402
399	403
399	404
399	405
399	406
399	407
399	433
400	403
400	404
400	405
400	406
400	407
401	404
401	405
401	406
401	407
402	405
402	406
402	407
402	408
402	409
403	406
403	407
403	408
403	409
403	410
403	429
403	430
403	433
404	407
404	408
404	409
404	410
404	429
404	430
404	431
404	433
404	434
404	439
405	408
405	409
405	410
405	411
405	430
405	439
405	443
406	409
406	410
406	411
406	412
406	413
406	426
406	427
406	430
406	443
407	410
407	411
407	412
407	413
407	414
407	423
407	425
407	426
407	427
407	428
407	429
407	430
407	431
407	433
407	439
407	440
407	442
407	443
408	411
408	412
408	413
408	414
408	415
408	423
408	424
408	425
408	426
408	427
408	428
408	429
408	430
408	431
408	433
408	439
408	440
408	441
408	442
408	443
408	444
408	445
408	446
408	447
409	412
409	413
409	414
409	415
409	416
409	417
409	423
409	426
409	427
409	430
409	442
409	443
409	444
409	446
409	447
409	450
410	413
410	414
410	415
410	416
410	417
410	419
410	422
410	423
410	424
410	425
410	426
410	427
410	428
410	429
410	430
410	443
410	447
411	414
411	415
411	416
411	417
411	418
411	419
411	420
411	421
411	422
411	423
411	424
411	425
411	426
411	427
411	428
411	429
411	430
411	431
411	439
411	440
411	441
411	442
411	443
411	444
411	446
411	447
412	415
412	416
412	417
412	418
412	419
412	420
412	422
412	423
412	424
412	425
412	426
412	427
412	428
412	430
412	440
412	441
412	442
412	443
412	444
412	445
412	446
412	447
412	448
412	449
412	450
412	451
412	463
412	466
412	467
413	416
413	417
413	418
413	419
413	420
413	422
413	423
413	424
413	426
413	427
413	443
413	444
413	446
413	447
413	450
413	463
414	417
414	418
414	419
414	420
414	421
414	422
414	423
414	424
414	425
414	426
414	427
414	443
414	447
414	463
414	466
415	418
415	419
415	420
415	421
415	422
415	423
415	424
415	425
415	426
415	427
415	443
415	444
415	446
415	447
415	448
415	450
415	451
415	459
415	460
415	462
415	463
415	464
415	465
415	466
415	467
415	470
415	507
416	419
416	420
416	422
416	423
416	444
416	447
416	448
416	450
416	451
416	459
416	460
416	462
416	463
416	464
416	466
416	507
417	420
417	421
417	422
417	423
417	462
417	463
417	466
417	507
417	510
417	511
418	421
418	422
418	423
418	424
418	459
418	462
418	463
418	465
418	466
418	467
418	478
418	481
418	482
418	504
418	506
418	507
418	508
418	509
418	510
418	511
419	422
419	423
419	424
419	425
419	426
419	427
419	462
419	463
419	466
419	467
419	469
419	470
419	476
419	477
419	478
419	479
419	481
419	482
419	507
419	510
419	511
420	423
420	424
420	425
420	426
420	427
420	428
420	462
420	463
420	464
420	465
420	466
420	467
420	468
420	469
420	470
420	471
420	473
420	474
420	475
420	476
420	477
420	478
420	479
420	480
420	481
420	482
420	507
420	511
421	424
421	425
421	426
421	427
421	428
421	466
421	467
421	469
421	470
421	471
421	473
421	474
421	475
421	476
421	477
421	478
421	479
421	480
421	481
421	482
422	425
422	426
422	427
422	428
422	429
422	466
422	470
422	474
422	475
422	476
422	477
422	478
423	426
423	427
423	428
423	429
423	430
423	440
423	443
423	444
423	447
423	463
423	466
423	467
423	469
423	470
423	474
423	475
423	477
423	478
424	427
424	428
424	429
424	430
424	431
424	432
424	440
424	443
424	444
424	466
424	467
424	468
424	469
424	470
424	471
424	473
424	474
424	475
424	476
424	477
424	478
425	428
425	429
425	430
425	431
425	432
425	440
425	470
425	474
425	475
425	476
425	477
426	429
426	430
426	431
426	432
426	433
426	439
426	440
426	443
426	444
426	474
427	430
427	431
427	432
427	433
427	434
427	435
427	438
427	439
427	440
427	441
427	442
427	443
427	444
427	445
427	446
427	447
427	467
427	470
427	474
428	431
428	432
428	433
428	434
428	435
428	438
428	439
428	440
428	441
428	442
428	443
428	444
428	470
428	474
428	475
429	432
429	433
429	434
429	435
429	438
429	439
429	440
429	443
430	433
430	434
430	435
430	436
430	437
430	438
430	439
430	440
430	441
430	442
430	443
430	444
431	434
431	435
431	436
431	437
431	438
431	439
431	440
431	441
431	442
431	443
431	444
432	435
432	436
432	437
432	438
432	439
432	440
432	441
433	436
433	437
433	438
433	439
433	440
434	437
434	438
434	439
434	440
434	441
434	442
435	438
435	439
435	440
435	441
435	442
436	439
436	440
436	441
436	442
437	440
437	441
437	442
437	443
438	441
438	442
438	443
438	444
438	445
439	442
439	443
439	444
439	445
439	446
440	443
440	444
440	445
440	446
440	447
440	467
441	444
441	445
441	446
441	447
441	448
441	449
441	467
442	445
442	446
442	447
442	448
442	449
443	446
443	447
443	448
443	449
443	450
443	467
444	447
444	448
444	449
444	450
444	451
444	460
444	463
444	464
444	466
444	467
445	448
445	449
445	450
445	451
445	452
445	463
445	464
445	467
446	449
446	450
446	451
446	452
446	453
446	463
447	450
447	451
447	452
447	453
447	454
447	459
447	460
447	462
447	463
447	464
447	466
447	467
448	451
448	452
448	453
448	454
448	455
448	456
448	457
448	459
448	460
448	461
448	462
448	463
448	464
448	466
448	467
449	452
449	453
449	454
449	455
449	459
449	460
449	463
450	453
450	454
450	455
450	456
450	457
450	459
450	460
450	463
451	454
451	455
451	456
451	457
451	458
451	459
451	460
451	461
451	462
451	463
451	464
452	455
452	456
452	457
452	458
452	459
452	460
452	461
452	463
452	464
453	456
453	457
453	459
453	460
454	457
454	458
454	459
454	460
455	458
455	459
455	460
455	461
455	533
456	459
456	460
456	461
456	462
456	463
456	499
456	502
456	503
456	529
456	530
456	532
456	533
457	460
457	461
457	462
457	463
457	464
457	498
457	499
457	500
457	501
457	502
457	503
457	504
457	529
457	530
457	532
457	533
458	461
458	462
458	463
458	464
458	465
458	497
458	498
458	499
458	500
458	501
458	502
458	503
458	504
458	505
458	506
458	507
458	525
458	526
458	528
458	529
458	530
458	532
458	533
459	462
459	463
459	464
459	465
459	466
459	499
459	500
459	501
459	502
459	503
459	504
459	505
459	506
459	507
459	529
460	463
460	464
460	465
460	466
460	467
460	499
460	500
460	502
460	503
460	504
461	464
461	465
461	466
461	467
461	468
461	469
461	489
461	497
461	498
461	499
461	500
461	501
461	502
461	503
461	504
461	505
461	506
461	507
462	465
462	466
462	467
462	468
462	469
462	485
462	489
462	499
462	500
462	501
462	502
462	503
462	504
462	505
462	506
462	507
462	508
462	510
463	466
463	467
463	468
463	469
463	470
463	500
463	503
463	504
463	506
463	507
464	467
464	468
464	469
464	470
464	471
464	485
464	499
464	500
464	503
464	504
464	507
465	468
465	469
465	470
465	471
465	472
465	481
465	482
465	484
465	485
465	486
465	488
465	489
465	499
465	500
465	501
465	502
465	503
465	504
465	505
465	506
465	507
465	508
466	469
466	470
466	471
466	472
466	473
466	474
466	476
466	478
466	481
466	482
466	484
466	485
466	503
466	504
466	507
466	508
467	470
467	471
467	472
467	473
467	474
467	476
467	481
467	485
468	471
468	472
468	473
468	474
468	476
468	481
468	484
468	485
468	488
468	504
469	472
469	473
469	474
469	475
469	476
469	477
469	478
469	479
469	480
469	481
469	482
469	483
469	484
469	485
469	486
469	487
469	488
469	504
469	507
470	473
470	474
470	475
470	476
470	477
470	478
470	480
470	481
470	482
470	484
470	485
471	474
471	475
471	476
471	481
472	475
472	476
472	477
472	480
472	481
472	484
472	485
472	488
473	476
473	477
473	478
473	480
473	481
473	484
474	477
474	478
474	480
474	481
475	478
475	479
475	480
475	481
476	479
476	480
476	481
476	482
476	483
476	484
476	485
477	480
477	481
477	482
477	483
477	484
477	485
478	481
478	482
478	483
478	484
478	485
478	507
478	508
478	510
478	511
478	512
479	482
479	483
479	484
479	485
479	486
479	508
479	511
479	512
480	483
480	484
480	485
480	486
480	487
480	508
480	511
481	484
481	485
481	486
481	487
481	488
481	504
481	507
481	508
481	511
482	485
482	486
482	487
482	488
482	489
482	504
482	505
482	506
482	507
482	508
482	509
482	510
482	511
482	512
483	486
483	487
483	488
483	489
483	490
483	504
483	507
483	508
483	511
483	512
484	487
484	488
484	489
484	490
484	491
484	504
484	507
484	508
485	488
485	489
485	490
485	491
485	492
485	500
485	501
485	503
485	504
485	505
485	506
485	507
485	508
485	509
485	511
486	489
486	490
486	491
486	492
486	493
486	500
486	501
486	503
486	504
486	505
486	506
486	507
486	508
486	509
486	511
486	512
487	490
487	491
487	492
487	493
487	494
487	501
487	504
487	505
487	508
488	491
488	492
488	493
488	494
488	495
488	497
488	500
488	501
488	503
488	504
488	505
488	508
489	492
489	493
489	494
489	495
489	496
489	497
489	498
489	499
489	500
489	501
489	502
489	503
489	504
489	505
489	506
489	507
489	508
490	493
490	494
490	495
490	496
490	497
490	498
490	500
490	501
490	502
490	504
490	505
490	508
490	548
490	551
491	494
491	495
491	496
491	497
491	498
491	500
491	501
491	504
492	495
492	496
492	497
492	498
492	499
492	500
492	501
492	502
492	503
492	504
492	505
493	496
493	497
493	498
493	499
493	500
493	501
493	502
493	503
493	504
493	505
493	544
493	545
493	547
493	548
493	551
494	497
494	498
494	500
494	501
494	544
494	545
494	548
495	498
495	499
495	500
495	501
496	499
496	500
496	501
496	502
496	528
496	540
496	541
496	544
496	545
496	547
496	548
497	500
497	501
497	502
497	503
497	504
497	505
497	528
497	532
497	540
497	541
497	544
498	501
498	502
498	503
498	504
498	505
498	524
498	525
498	526
498	527
498	528
498	529
498	530
498	531
498	532
498	533
498	537
498	540
498	541
498	543
498	544
498	545
498	547
499	502
499	503
499	504
499	505
499	506
499	525
499	526
499	528
499	529
499	530
499	531
499	532
499	533
499	540
499	544
500	503
500	504
500	505
500	506
500	507
500	525
500	528
500	529
501	504
501	505
501	506
501	507
501	508
501	509
501	521
501	522
501	524
501	525
501	526
501	528
501	529
501	544
501	547
502	505
502	506
502	507
502	508
502	509
502	521
502	522
502	523
502	524
502	525
502	526
502	527
502	528
502	529
502	530
502	531
502	532
502	533
502	540
502	543
502	544
502	547
503	506
503	507
503	508
503	509
503	510
503	522
503	525
503	526
503	528
503	529
504	507
504	508
504	509
504	510
504	511
504	522
504	525
505	508
505	509
505	510
505	511
505	512
505	518
505	519
505	521
505	522
505	523
505	524
505	525
505	526
505	528
505	529
505	547
506	509
506	510
506	511
506	512
506	518
506	519
506	521
506	522
506	523
506	524
506	525
506	526
506	529
507	510
507	511
507	512
507	522
508	511
508	512
508	513
508	514
508	518
508	521
508	522
509	512
509	513
509	514
509	515
509	516
509	517
509	518
509	519
509	520
509	521
509	522
509	525
510	513
510	514
510	515
510	518
510	519
510	522
511	514
511	518
512	515
512	517
512	518
512	519
512	621
512	622
513	516
513	517
513	518
513	519
513	588
513	618
513	619
513	620
513	621
513	622
513	623
513	624
514	517
514	518
514	519
514	520
514	521
514	522
514	586
514	587
514	588
514	589
514	617
514	618
514	619
514	620
514	621
514	622
514	623
514	624
515	518
515	519
515	520
515	521
515	522
515	555
515	556
515	583
515	585
515	586
515	587
515	588
515	589
515	590
515	591
515	617
515	618
515	620
515	621
515	622
515	623
515	624
515	625
516	519
516	520
516	521
516	522
516	523
516	550
516	555
516	556
516	582
516	583
516	584
516	585
516	586
516	587
516	588
516	589
516	590
516	591
516	617
516	621
516	622
517	520
517	521
517	522
517	523
517	524
517	547
517	548
517	549
517	550
517	551
517	552
517	553
517	554
517	555
517	556
517	582
517	583
517	584
517	585
517	586
517	587
517	588
517	589
517	590
518	521
518	522
518	523
518	524
518	525
518	547
518	548
518	550
518	551
518	552
518	555
518	556
518	585
518	586
518	587
518	621
519	522
519	523
519	524
519	525
519	526
519	547
519	550
519	551
519	584
519	585
519	586
519	587
519	621
520	523
520	524
520	525
520	526
520	527
520	543
520	546
520	547
520	548
520	549
520	550
520	551
520	552
520	582
520	584
520	585
520	586
520	587
521	524
521	525
521	526
521	527
521	528
521	543
521	544
521	545
521	546
521	547
521	548
521	549
521	550
521	551
521	552
521	585
522	525
522	526
522	527
522	528
522	529
522	543
522	544
522	546
522	547
522	548
522	550
522	551
523	526
523	527
523	528
523	529
523	530
523	543
523	544
523	546
523	547
523	548
523	549
523	550
523	585
524	527
524	528
524	529
524	530
524	531
524	532
524	539
524	540
524	541
524	542
524	543
524	544
524	545
524	546
524	547
524	548
524	549
524	550
524	551
525	528
525	529
525	530
525	531
525	532
525	540
525	541
525	542
525	543
525	544
525	545
525	546
525	547
525	548
525	550
526	529
526	530
526	531
526	532
526	533
526	540
526	543
526	544
526	546
526	547
527	530
527	531
527	532
527	533
527	534
527	536
527	537
527	539
527	540
527	541
527	542
527	543
527	544
527	545
527	546
527	547
528	531
528	532
528	533
528	534
528	535
528	536
528	537
528	538
528	539
528	540
528	541
528	542
528	543
528	544
528	545
528	546
528	547
529	532
529	533
529	534
529	535
529	536
529	537
529	539
529	540
529	541
529	543
529	544
530	533
530	534
530	535
530	536
530	537
530	539
530	540
530	543
531	534
531	535
531	536
531	537
531	538
531	539
531	540
531	541
531	542
531	543
531	544
532	535
532	536
532	537
532	538
532	539
532	540
532	541
532	542
532	543
532	544
533	536
533	537
533	539
533	540
534	537
534	538
534	539
534	540
535	538
535	539
535	540
535	541
536	539
536	540
536	541
536	542
536	543
537	540
537	541
537	542
537	543
537	544
538	541
538	542
538	543
538	544
538	545
539	542
539	543
539	544
539	545
539	546
540	543
540	544
540	545
540	546
540	547
541	544
541	545
541	546
541	547
541	548
542	545
542	546
542	547
542	548
542	549
543	546
543	547
543	548
543	549
543	550
544	547
544	548
544	549
544	550
544	551
545	548
545	549
545	550
545	551
546	549
546	550
546	551
547	550
547	551
547	552
548	551
548	552
548	553
549	552
549	553
549	555
550	553
550	554
550	555
550	556
550	585
551	554
551	555
551	556
552	555
552	556
552	557
552	558
552	559
553	556
553	557
553	558
553	559
554	557
554	558
554	559
554	560
554	561
555	558
555	559
555	560
555	561
555	562
555	582
555	585
555	587
555	589
555	590
556	559
556	560
556	561
556	562
556	563
556	579
556	582
556	583
556	585
556	587
556	588
556	589
556	590
556	591
556	593
557	560
557	561
557	562
557	563
557	564
557	582
557	589
557	590
557	593
558	561
558	562
558	563
558	564
558	565
558	579
558	582
558	590
559	562
559	563
559	564
559	565
559	566
559	575
559	576
559	578
559	579
559	580
559	581
559	582
559	583
559	589
559	590
559	593
559	594
560	563
560	564
560	565
560	566
560	567
560	575
560	576
560	578
560	579
560	582
560	583
560	589
560	590
560	591
560	592
560	593
560	594
560	596
560	597
561	564
561	565
561	566
561	567
561	568
561	575
561	578
561	579
561	590
561	593
562	565
562	566
562	567
562	568
562	569
562	571
562	572
562	574
562	575
562	576
562	578
562	579
562	582
562	593
563	566
563	567
563	568
563	569
563	570
563	571
563	572
563	573
563	574
563	575
563	576
563	577
563	578
563	579
563	580
563	581
563	582
563	590
563	593
563	594
563	596
563	597
563	598
563	600
564	567
564	568
564	569
564	570
564	571
564	572
564	573
564	574
564	575
564	576
564	578
564	579
564	593
564	594
564	596
564	597
564	600
565	568
565	569
565	570
565	571
565	572
565	574
565	575
565	578
565	597
566	569
566	570
566	571
566	572
566	573
566	574
566	575
566	576
566	577
566	578
566	579
566	597
566	600
566	601
567	570
567	571
567	572
567	573
567	574
567	575
567	576
567	577
567	578
567	579
567	593
567	594
567	596
567	597
567	598
567	599
567	600
567	601
568	571
568	572
568	573
568	574
568	575
568	597
568	600
568	601
569	572
569	573
569	574
569	575
569	600
570	573
570	574
570	575
570	576
570	597
570	600
570	601
571	574
571	575
571	576
571	577
571	578
571	597
571	598
571	600
571	601
572	575
572	576
572	577
572	578
572	579
572	593
572	594
572	595
572	596
572	597
572	598
572	599
572	600
572	601
572	602
572	603
573	576
573	577
573	578
573	579
573	580
573	594
573	597
573	598
573	599
573	600
573	601
573	602
573	603
574	577
574	578
574	579
574	580
574	581
574	594
574	597
574	598
574	601
575	578
575	579
575	580
575	581
575	582
575	583
575	590
575	593
575	594
575	595
575	596
575	597
575	598
575	599
575	600
575	601
576	579
576	580
576	581
576	582
576	583
576	590
576	591
576	592
576	593
576	594
576	595
576	596
576	597
576	598
576	599
576	600
576	601
576	603
576	606
576	607
577	580
577	581
577	582
577	583
577	584
577	590
577	593
577	594
577	597
577	598
578	581
578	582
578	583
578	584
578	590
578	591
578	593
578	594
578	597
579	582
579	583
579	584
579	585
579	586
579	587
579	588
579	589
579	590
579	591
579	592
579	593
579	594
579	595
579	596
579	597
579	598
580	583
580	584
580	585
580	586
580	587
580	588
580	589
580	590
580	591
580	592
580	593
580	594
580	595
580	596
580	597
580	598
580	610
581	584
581	585
581	586
581	587
581	590
581	591
581	593
581	594
582	585
582	586
582	587
582	588
582	589
582	590
582	591
582	592
582	593
582	594
583	586
583	587
583	588
583	589
583	590
583	591
583	592
583	593
583	594
583	595
583	610
583	613
583	614
584	587
584	588
584	589
584	590
584	591
584	592
584	594
584	614
585	588
585	589
585	590
585	591
586	589
586	590
586	591
586	592
586	613
586	614
586	616
586	617
586	618
586	621
587	590
587	591
587	592
587	593
587	594
587	610
587	611
587	613
587	614
587	615
587	617
587	618
587	621
587	622
587	625
588	591
588	592
588	593
588	594
588	595
588	610
588	611
588	612
588	613
588	614
588	615
588	616
588	617
588	618
588	619
588	620
588	621
588	622
588	623
588	624
588	625
588	626
588	628
588	629
589	592
589	593
589	594
589	595
589	596
589	610
589	611
589	614
589	615
589	617
589	618
589	621
589	622
589	623
589	624
589	625
589	626
589	627
589	628
589	629
590	593
590	594
590	595
590	596
590	597
590	610
590	611
590	614
590	625
590	628
590	629
591	594
591	595
591	596
591	597
591	598
591	606
591	607
591	608
591	609
591	610
591	611
591	612
591	613
591	614
591	615
591	617
591	618
591	625
591	626
591	628
591	629
591	632
592	595
592	596
592	597
592	598
592	599
592	606
592	607
592	608
592	609
592	610
592	611
592	612
592	613
592	614
592	615
592	617
592	618
592	624
592	625
592	626
592	627
592	628
592	629
592	630
592	631
592	632
592	633
593	596
593	597
593	598
593	599
593	600
593	607
593	610
593	611
593	614
593	625
593	628
593	629
593	631
593	632
594	597
594	598
594	599
594	600
594	601
594	603
594	604
594	606
594	607
594	608
594	609
594	610
594	611
594	613
594	614
594	628
594	629
594	632
595	598
595	599
595	600
595	601
595	602
595	603
595	604
595	605
595	606
595	607
595	608
595	609
595	610
595	611
595	612
595	613
595	614
595	628
595	629
595	630
595	631
595	632
595	633
595	634
595	635
595	636
596	599
596	600
596	601
596	602
596	603
596	604
596	605
596	606
596	607
596	608
596	609
596	610
596	611
596	628
596	629
596	630
596	631
596	632
596	633
596	635
596	636
597	600
597	601
597	602
597	603
597	604
597	606
597	607
597	608
597	610
597	632
598	601
598	602
598	603
598	604
598	605
598	606
598	607
598	608
598	609
598	610
598	611
598	632
598	633
598	636
599	602
599	603
599	604
599	605
599	606
599	607
599	608
599	609
599	610
599	611
599	629
599	631
599	632
599	633
599	634
599	635
599	636
599	637
599	639
599	640
600	603
600	604
600	606
600	607
600	632
600	635
600	636
601	604
601	605
601	606
601	607
601	636
602	605
602	606
602	607
602	608
602	632
602	635
602	636
602	639
602	640
603	606
603	607
603	608
603	609
603	610
603	632
603	633
603	635
603	636
603	637
603	639
603	640
604	607
604	608
604	609
604	610
604	611
604	632
604	633
604	634
604	635
604	636
604	637
604	638
604	639
604	640
604	641
604	642
605	608
605	609
605	610
605	611
605	612
605	632
605	633
605	634
605	635
605	636
605	637
605	638
605	639
605	640
605	641
605	642
606	609
606	610
606	611
606	612
606	613
606	632
606	633
606	636
606	637
606	640
607	610
607	611
607	612
607	613
607	614
607	628
607	629
607	630
607	631
607	632
607	633
607	634
607	635
607	636
607	637
607	639
607	640
608	611
608	612
608	613
608	614
608	615
608	628
608	629
608	630
608	631
608	632
608	633
608	634
608	635
608	636
608	637
608	638
608	639
608	640
608	642
608	645
608	646
608	649
609	612
609	613
609	614
609	615
609	616
609	629
609	630
609	632
609	633
609	636
609	637
610	613
610	614
610	615
610	616
610	617
610	618
610	628
610	629
610	630
610	632
610	633
610	636
611	614
611	615
611	616
611	617
611	618
611	619
611	625
611	626
611	627
611	628
611	629
611	630
611	631
611	632
611	633
611	634
611	636
611	637
611	649
612	615
612	616
612	617
612	618
612	619
612	626
612	628
612	629
612	630
612	632
612	633
612	634
612	649
613	616
613	617
613	618
613	619
613	620
613	629
613	633
614	617
614	618
614	619
614	620
614	621
614	622
614	623
614	624
614	625
614	626
614	628
614	629
614	630
614	633
615	618
615	619
615	620
615	621
615	622
615	623
615	624
615	625
615	626
615	627
615	628
615	629
615	630
615	633
616	619
616	620
616	621
616	622
616	623
616	625
616	626
616	629
617	620
617	621
617	622
617	623
617	624
617	625
617	626
617	629
618	621
618	622
618	623
618	624
618	625
618	626
618	627
618	628
618	629
618	630
619	622
619	623
619	624
619	625
619	626
620	623
620	624
621	624
621	625
621	626
622	625
622	626
622	627
623	626
623	627
623	628
623	629
623	630
623	653
623	656
623	657
624	627
624	628
624	629
624	630
624	653
624	656
624	657
624	658
625	628
625	629
625	630
625	631
625	632
625	653
625	656
625	657
626	629
626	630
626	631
626	632
626	633
626	634
626	649
626	650
626	652
626	653
626	654
626	655
626	656
626	657
626	658
626	660
627	630
627	631
627	632
627	633
627	634
627	649
627	650
627	651
627	652
627	653
627	654
627	655
627	656
627	657
627	658
627	659
627	660
627	661
628	631
628	632
628	633
628	634
628	635
628	649
628	650
628	652
628	653
628	654
628	656
628	657
628	660
629	632
629	633
629	634
629	635
629	636
629	649
629	650
629	652
629	653
629	654
629	656
629	657
630	633
630	634
630	635
630	636
630	637
630	638
630	645
630	646
630	647
630	648
630	649
630	650
630	651
630	652
630	653
630	654
630	655
630	656
630	657
631	634
631	635
631	636
631	637
631	638
631	646
631	647
631	648
631	649
631	650
631	651
631	652
631	653
631	654
631	655
631	656
631	657
632	635
632	636
632	637
632	638
632	639
632	646
632	649
632	650
632	653
633	636
633	637
633	638
633	639
633	640
633	642
633	643
633	645
633	646
633	647
633	648
633	649
633	650
633	651
633	652
633	653
634	637
634	638
634	639
634	640
634	641
634	642
634	643
634	644
634	645
634	646
634	647
634	648
634	649
634	650
634	651
634	652
634	653
634	654
635	638
635	639
635	640
635	641
635	642
635	643
635	645
635	646
635	647
635	648
635	649
635	650
635	653
636	639
636	640
636	641
636	642
636	643
636	645
636	646
636	647
636	649
636	650
637	640
637	641
637	642
637	643
637	644
637	645
637	646
637	647
637	648
637	649
637	650
638	641
638	642
638	643
638	644
638	645
638	646
638	647
638	648
638	649
638	650
639	642
639	643
639	644
639	645
639	646
640	643
640	644
640	645
640	646
641	644
641	645
641	646
641	647
642	645
642	646
642	647
642	648
642	649
643	646
643	647
643	648
643	649
643	650
644	647
644	648
644	649
644	650
644	651
645	648
645	649
645	650
645	651
645	652
646	649
646	650
646	651
646	652
646	653
647	650
647	651
647	652
647	653
647	654
647	655
648	651
648	652
648	653
648	654
648	655
649	652
649	653
649	654
649	655
649	656
650	653
650	654
650	655
650	656
650	657
650	661
651	654
651	655
651	656
651	657
651	658
651	661
652	655
652	656
652	657
652	658
652	660
652	661
653	656
653	657
653	658
653	659
653	660
653	661
654	657
654	658
654	659
654	660
654	661
654	662
654	663
654	664
654	665
655	658
655	659
655	660
655	661
655	662
655	690
655	691
655	692
656	659
656	660
656	661
656	662
656	690
656	691
656	692
657	660
657	661
657	662
657	663
657	664
657	690
657	691
657	692
658	661
658	662
658	663
658	664
658	665
658	688
658	689
658	690
658	691
658	692
658	693
659	662
659	663
659	664
659	665
659	666
659	667
659	688
659	689
659	690
659	691
659	692
660	663
660	664
660	665
660	666
660	667
660	688
660	689
660	690
661	664
661	665
661	666
661	667
661	668
661	688
661	689
661	690
661	691
662	665
662	666
662	667
662	668
662	669
662	670
662	685
662	686
662	687
662	688
662	689
662	690
662	691
662	692
663	666
663	667
663	668
663	669
663	670
663	671
663	685
663	686
663	687
663	688
663	689
663	690
664	667
664	668
664	669
664	670
664	671
664	685
664	686
664	688
664	689
665	668
665	669
665	670
665	671
665	672
665	681
665	685
665	686
665	687
665	688
665	689
665	690
666	669
666	670
666	671
666	672
666	673
666	681
666	682
666	683
666	684
666	685
666	686
666	687
666	688
666	689
666	690
667	670
667	671
667	672
667	673
667	674
667	681
667	682
667	683
667	684
667	685
667	686
667	687
667	688
668	671
668	672
668	673
668	674
668	675
668	681
668	682
668	685
668	686
669	672
669	673
669	674
669	675
669	676
669	677
669	678
669	679
669	680
669	681
669	682
669	683
669	684
669	685
669	686
669	687
670	673
670	674
670	675
670	676
670	677
670	678
670	679
670	680
670	681
670	682
670	683
670	684
670	685
670	686
670	687
670	688
671	674
671	675
671	676
671	677
671	678
671	679
671	681
671	682
671	683
671	685
671	686
672	675
672	676
672	677
672	678
672	679
672	680
672	681
672	682
672	685
673	676
673	677
673	678
673	679
673	680
673	681
673	682
673	683
673	684
673	685
673	686
674	677
674	678
674	679
674	680
674	681
674	682
674	683
674	685
674	686
675	678
675	679
675	681
675	682
676	679
676	680
676	681
676	682
677	680
677	681
677	682
677	683
678	681
678	682
678	683
678	684
678	685
678	752
679	682
679	683
679	684
679	685
679	686
679	751
679	752
680	683
680	684
680	685
680	686
680	748
680	751
680	752
681	684
681	685
681	686
681	687
682	685
682	686
682	687
682	688
683	686
683	687
683	688
684	687
684	688
684	689
685	688
685	689
685	690
686	689
687	690
688	691
689	692
690	693
691	694
692	695
693	696
694	697
695	698
696	699
697	700
698	701
699	702
700	703
701	704
702	705
703	706
704	707
705	708
706	709
706	710
706	711
706	712
706	731
706	732
706	733
707	710
707	711
707	712
707	713
707	714
707	729
707	730
707	731
707	732
708	711
708	712
708	713
708	714
708	715
708	722
708	725
708	726
708	728
708	729
708	730
708	731
708	732
709	712
709	713
709	714
709	715
709	716
709	721
709	722
709	723
709	724
709	725
709	726
709	728
709	729
709	730
709	731
710	713
710	714
710	715
710	716
710	717
710	718
710	719
710	720
710	721
710	722
710	723
710	724
710	725
710	726
710	727
710	728
710	729
710	730
710	731
710	732
711	714
711	715
711	716
711	717
711	718
711	719
711	721
711	722
711	723
711	725
711	726
711	729
711	730
711	731
711	732
711	733
712	715
712	716
712	717
712	718
712	719
712	721
712	722
712	725
712	730
713	716
713	717
713	718
713	719
713	720
713	721
713	722
713	723
713	724
713	725
713	726
713	730
714	717
714	718
714	719
714	720
714	721
714	722
714	723
714	724
714	725
714	726
714	730
714	731
714	732
715	718
715	719
715	721
715	722
716	719
716	720
716	721
716	722
717	720
717	721
717	722
717	723
718	721
718	722
718	723
718	724
718	725
719	722
719	723
719	724
719	725
719	726
720	723
720	724
720	725
720	726
720	727
721	724
721	725
721	726
721	727
721	728
721	729
722	725
722	726
722	727
722	728
722	729
722	730
723	726
723	727
723	728
723	729
723	730
724	727
724	728
724	729
724	730
725	728
725	729
725	730
725	731
726	729
726	730
726	731
726	732
727	730
727	731
728	731
729	732
730	733
731	734
732	735
733	736
733	738
733	739
734	737
734	738
734	739
734	740
735	738
735	739
735	740
735	741
735	742
736	739
736	740
736	741
736	742
736	743
737	740
737	741
737	742
737	743
737	744
738	741
738	742
738	743
738	744
738	745
739	742
739	743
739	744
739	745
739	746
740	743
740	744
740	745
740	746
740	747
741	744
741	745
741	746
741	747
741	748
742	745
742	746
742	747
742	748
742	749
743	746
743	747
743	748
743	749
743	750
744	747
744	748
744	749
744	750
744	751
745	748
745	749
745	750
745	751
745	752
745	755
746	749
746	750
746	751
746	752
746	753
746	754
746	755
746	756
746	757
746	758
747	750
747	751
747	752
747	753
747	754
747	755
747	758
748	751
748	752
748	753
748	754
748	755
749	752
749	753
749	754
749	755
749	756
749	757
749	758
749	779
749	780
749	781
749	782
749	783
750	753
750	754
750	755
750	756
750	757
750	758
750	759
750	779
750	780
750	781
751	754
751	755
751	756
752	755
752	756
752	779
752	780
752	781
752	782
752	783
753	756
753	757
753	758
753	759
753	777
753	778
753	779
753	780
753	781
753	782
754	757
754	758
754	759
754	760
754	777
754	778
754	779
754	780
754	781
755	758
755	759
755	760
755	761
755	762
755	777
755	778
755	779
755	780
755	781
756	759
756	760
756	761
756	762
756	763
756	775
756	776
756	777
756	778
756	779
756	780
756	781
757	760
757	761
757	762
757	763
757	764
757	776
757	777
757	778
757	779
757	780
757	781
758	761
758	762
758	763
758	764
758	765
758	777
758	778
758	779
759	762
759	763
759	764
759	765
759	766
759	774
759	775
759	776
759	777
759	778
759	779
760	763
760	764
760	765
760	766
760	767
760	773
760	774
760	775
760	776
760	777
760	778
760	779
761	764
761	765
761	766
761	767
761	768
761	774
761	775
761	776
762	765
762	766
762	767
762	768
762	769
762	773
762	774
762	775
762	776
763	766
763	767
763	768
763	769
763	770
763	771
763	772
763	773
763	774
763	775
763	776
763	777
764	767
764	768
764	769
764	770
764	771
764	772
764	773
764	774
764	775
764	776
765	768
765	769
765	770
765	771
765	772
765	773
765	774
766	769
766	770
766	771
766	772
766	773
766	774
766	775
767	770
767	771
767	772
767	773
767	774
767	775
768	771
768	772
768	773
768	774
769	772
769	773
769	774
770	773
770	774
771	774
771	775
772	775
773	776
774	777
775	778
776	779
777	780
778	781
779	782
780	783
781	784
782	785
783	786
784	787
785	788
