1	4
2	5
3	6
4	7
5	8
6	9
7	10
7	13
8	11
8	12
8	13
8	14
9	12
9	13
9	14
9	15
10	13
10	14
10	15
10	16
10	17
11	14
11	15
11	16
11	17
11	18
11	19
12	15
12	16
12	17
12	18
12	19
13	16
13	17
13	18
13	19
13	20
14	17
14	18
14	19
14	20
14	21
15	18
15	19
15	20
15	21
15	22
15	23
16	19
16	20
16	21
16	22
16	23
17	20
17	21
17	22
17	23
18	21
18	22
18	23
18	24
19	22
19	23
19	24
19	25
20	23
20	24
20	25
20	26
21	24
21	25
21	26
22	25
22	26
23	26
23	27
24	27
25	28
25	29
26	29
26	30
27	30
27	31
27	32
28	31
28	32
28	33
29	32
29	33
29	34
30	33
30	34
31	34
32	35
33	36
34	37
35	38
36	39
37	40
38	41
39	42
40	43
41	44
42	45
43	46
44	47
45	48
46	49
47	50
48	51
49	52
50	53
51	54
52	55
53	56
54	57
55	58
56	59
57	60
58	61
59	62
60	63
61	64
61	70
61	74
62	65
62	67
62	69
62	70
62	71
62	73
62	74
63	66
63	67
63	69
63	70
63	71
63	73
63	74
64	67
64	68
64	69
64	70
64	71
65	68
65	69
65	70
65	71
65	72
65	73
66	69
66	70
66	71
66	72
66	73
66	80
67	70
67	71
67	72
67	73
67	74
67	75
67	76
67	77
67	79
67	80
67	83
68	71
68	72
68	73
68	74
68	75
68	76
68	77
68	78
68	79
68	80
68	81
68	82
68	83
68	84
68	97
68	100
68	101
68	103
68	104
69	72
69	73
69	74
69	75
69	76
69	77
69	79
69	80
69	81
69	83
69	100
69	103
69	104
70	73
70	74
70	75
70	76
70	77
70	79
70	80
71	74
71	75
71	76
71	77
71	78
71	79
71	80
71	81
71	82
71	83
71	100
71	103
71	104
71	107
72	75
72	76
72	77
72	78
72	79
72	80
72	81
72	83
72	84
72	100
72	101
72	102
72	103
72	104
72	105
72	106
72	107
72	108
73	76
73	77
73	80
73	100
73	103
73	104
73	105
73	106
73	107
73	108
74	77
74	78
74	79
74	80
74	104
74	107
74	108
75	78
75	79
75	80
75	81
75	103
75	104
75	105
75	106
75	107
75	108
75	109
76	79
76	80
76	81
76	82
76	83
76	104
76	105
76	107
76	108
77	80
77	81
77	82
77	83
77	84
77	85
77	100
77	101
77	102
77	103
77	104
77	105
77	106
77	107
77	108
78	81
78	82
78	83
78	84
78	85
78	101
78	104
78	105
79	82
79	83
79	84
79	85
79	86
79	101
79	104
80	83
80	84
80	85
80	86
80	87
80	97
80	100
80	101
80	103
80	104
80	105
81	84
81	85
81	86
81	87
81	88
81	97
81	98
81	99
81	100
81	101
81	102
81	103
81	104
81	105
81	114
81	115
81	116
82	85
82	86
82	87
82	88
82	89
82	97
82	100
82	101
82	104
82	115
83	86
83	87
83	88
83	89
83	90
83	97
83	100
83	101
83	115
84	87
84	88
84	89
84	90
84	91
84	92
84	93
84	94
84	95
84	96
84	97
84	98
84	99
84	100
84	101
84	102
84	104
84	114
84	115
84	116
84	117
84	118
85	88
85	89
85	90
85	91
85	92
85	93
85	94
85	96
85	97
85	98
85	100
85	101
85	114
85	115
85	116
85	117
85	118
86	89
86	90
86	91
86	92
86	93
86	94
86	97
86	115
86	116
86	117
87	90
87	91
87	92
87	93
87	94
87	95
87	96
87	97
87	98
87	100
87	115
87	117
87	118
88	91
88	92
88	93
88	94
88	95
88	96
88	97
88	98
88	100
88	101
88	114
88	115
88	116
88	117
88	118
88	119
88	120
88	121
89	92
89	93
89	94
89	97
89	115
89	116
89	117
89	118
89	119
89	120
89	121
90	93
90	94
90	117
90	118
90	121
91	94
91	95
91	96
91	97
91	115
91	117
91	118
91	120
91	121
92	95
92	96
92	97
92	98
92	114
92	115
92	116
92	117
92	118
92	119
92	120
92	121
92	122
92	123
92	124
92	125
92	204
93	96
93	97
93	98
93	99
93	114
93	115
93	116
93	117
93	118
93	119
93	120
93	121
93	122
93	123
93	124
93	125
94	97
94	98
94	99
94	100
94	101
94	114
94	115
94	116
94	117
94	118
94	119
94	121
94	122
95	98
95	99
95	100
95	101
95	102
95	114
95	115
95	117
95	118
95	121
96	99
96	100
96	101
96	102
96	103
96	114
96	115
96	118
97	100
97	101
97	102
97	103
97	104
97	113
97	114
97	115
97	116
97	117
97	118
98	101
98	102
98	103
98	104
98	105
98	112
98	113
98	114
98	115
98	116
98	117
98	118
98	119
99	102
99	103
99	104
99	105
99	106
99	112
99	113
99	114
99	115
99	118
100	103
100	104
100	105
100	106
100	107
100	112
100	113
100	114
100	115
101	104
101	105
101	106
101	107
101	108
101	110
101	111
101	112
101	113
101	114
101	115
101	116
101	117
101	118
102	105
102	106
102	107
102	108
102	109
102	110
102	111
102	112
102	113
102	114
102	115
103	106
103	107
103	108
103	109
103	110
103	111
103	112
103	113
103	114
104	107
104	108
104	109
104	110
104	111
104	112
104	113
104	114
104	115
105	108
105	109
105	110
105	111
105	112
105	113
105	114
105	115
106	109
106	110
106	111
106	112
106	113
106	114
107	110
107	111
107	112
108	111
108	112
109	112
110	113
111	114
112	115
113	116
113	117
113	118
113	119
114	117
114	118
114	119
114	120
114	121
114	122
115	118
115	119
115	120
115	121
115	122
116	119
116	120
116	121
116	122
116	123
116	204
116	205
116	206
116	207
116	208
117	120
117	121
117	122
117	123
117	124
117	204
117	205
117	206
117	207
117	208
118	121
118	122
118	123
118	124
118	125
118	204
119	122
119	123
119	124
119	125
119	126
119	127
119	202
119	203
119	204
119	205
119	206
119	207
120	123
120	124
120	125
120	126
120	127
120	167
120	170
120	201
120	202
120	203
120	204
120	205
120	206
120	207
120	208
121	124
121	125
121	126
121	127
121	167
121	202
121	203
121	204
121	205
122	125
122	126
122	127
122	128
122	167
122	202
122	203
122	204
122	205
123	126
123	127
123	128
123	129
123	165
123	166
123	167
123	170
123	200
123	201
123	202
123	203
123	204
123	205
123	206
123	207
124	127
124	128
124	129
124	165
124	166
124	167
124	168
124	169
124	170
124	171
124	202
124	203
124	204
124	205
124	206
125	128
125	129
125	166
125	167
125	203
125	204
126	129
126	164
126	165
126	166
126	167
126	202
126	203
126	204
127	130
127	151
127	152
127	155
127	160
127	161
127	163
127	164
127	165
127	166
127	167
127	168
127	169
127	170
127	200
127	202
127	203
127	204
128	131
128	151
128	152
128	154
128	155
128	156
128	158
128	159
128	160
128	161
128	162
128	163
128	164
128	165
128	166
128	167
128	202
128	203
129	132
129	133
129	134
129	148
129	149
129	150
129	151
129	152
129	153
129	154
129	155
129	156
129	157
129	158
129	159
129	160
129	161
129	162
129	163
129	164
129	165
129	166
129	167
129	168
129	169
130	133
130	134
130	135
130	136
130	147
130	148
130	149
130	150
130	151
130	152
130	153
130	154
130	155
130	156
130	157
130	158
130	159
130	160
130	161
130	162
130	163
130	164
130	165
130	166
130	167
131	134
131	135
131	136
131	150
131	151
131	152
131	153
131	154
131	155
131	156
131	157
131	158
131	159
131	160
132	135
132	136
132	150
132	151
132	154
132	155
132	158
133	136
133	150
133	154
133	155
133	157
133	158
134	137
134	149
134	150
134	151
134	152
134	153
134	154
134	155
134	156
134	157
134	158
135	138
135	139
135	141
135	146
135	147
135	149
135	150
135	151
135	153
135	154
135	155
136	139
136	140
136	141
136	142
136	143
136	144
136	145
136	146
136	147
136	148
136	149
136	150
136	151
136	152
136	153
136	154
137	140
137	141
137	142
137	143
137	144
137	145
137	146
137	147
137	148
137	149
137	150
137	153
137	154
138	141
138	142
138	143
138	146
138	147
139	142
139	143
139	144
139	145
139	146
139	147
140	143
140	144
140	145
140	146
140	147
140	148
141	144
141	145
141	146
141	147
141	148
141	149
141	150
142	145
142	146
142	147
142	148
143	146
143	147
143	148
143	149
143	150
143	168
143	172
144	147
144	148
144	149
144	150
144	151
144	166
144	168
144	169
144	170
144	171
144	172
144	173
145	148
145	149
145	150
145	151
145	152
145	153
145	166
145	168
145	169
145	172
145	173
146	149
146	150
146	151
146	152
146	153
146	154
146	166
146	168
146	169
147	150
147	151
147	152
147	153
147	154
147	165
147	166
147	167
147	168
147	169
147	172
148	151
148	152
148	153
148	154
148	155
148	163
148	164
148	165
148	166
148	167
148	168
148	169
148	170
148	171
148	172
148	173
149	152
149	153
149	154
149	155
149	156
149	162
149	163
149	164
149	165
149	166
149	167
149	168
149	169
150	153
150	154
150	155
150	156
150	157
150	158
150	162
150	163
150	164
150	165
150	166
150	168
150	169
151	154
151	155
151	156
151	157
151	158
151	159
151	160
151	161
151	162
151	163
151	164
151	165
151	166
151	167
151	168
151	169
152	155
152	156
152	157
152	158
152	159
152	160
152	161
152	162
152	163
152	164
152	165
152	166
152	167
152	168
152	169
153	156
153	157
153	158
153	159
153	160
153	161
153	162
153	163
153	164
153	165
153	166
154	157
154	158
154	159
154	160
154	161
154	162
154	163
154	164
154	165
154	166
155	158
155	159
155	160
155	161
155	162
155	163
155	164
155	165
155	166
156	159
156	160
156	161
156	162
156	163
156	164
156	165
157	160
157	161
157	162
157	163
157	164
158	161
158	162
158	164
159	162
159	163
159	164
160	163
160	164
160	165
161	164
161	165
161	166
162	165
163	166
163	169
163	199
163	200
163	202
164	167
164	168
164	169
164	170
164	199
164	200
164	202
164	203
165	168
165	169
165	170
165	171
165	172
165	173
165	196
165	197
165	199
165	200
165	201
165	202
165	203
165	204
166	169
166	170
166	171
166	172
166	173
166	199
166	200
166	202
166	203
166	204
167	170
167	171
167	172
167	173
167	174
167	200
167	202
167	203
167	204
167	205
167	206
168	171
168	172
168	173
168	174
168	175
168	203
168	204
168	205
169	172
169	173
169	174
169	175
169	176
169	196
169	197
169	199
169	200
169	203
169	204
169	205
170	173
170	174
170	175
170	176
170	177
170	178
170	192
170	193
170	195
170	196
170	197
170	198
170	199
170	200
170	201
170	202
170	203
170	204
170	205
170	206
170	207
170	208
170	209
171	174
171	175
171	176
171	177
171	178
171	179
171	196
171	203
171	204
171	205
171	206
171	208
171	209
172	175
172	176
172	177
172	178
172	179
172	192
172	193
172	196
172	203
172	204
172	205
173	176
173	177
173	178
173	179
173	180
173	188
173	189
173	191
173	192
173	193
173	194
173	195
173	196
173	197
173	199
173	200
173	203
173	204
173	205
173	206
173	208
173	209
174	177
174	178
174	179
174	180
174	181
174	189
174	190
174	192
174	193
174	194
174	195
174	196
174	197
174	203
174	204
174	205
174	206
174	207
174	208
174	209
174	210
174	211
174	212
174	213
175	178
175	179
175	180
175	181
175	182
175	189
175	192
175	193
175	196
175	205
175	208
175	209
175	212
176	179
176	180
176	181
176	182
176	183
176	185
176	186
176	188
176	189
176	190
176	191
176	192
176	193
176	196
176	209
176	212
177	180
177	181
177	182
177	183
177	184
177	185
177	186
177	187
177	188
177	189
177	190
177	191
177	192
177	193
177	194
177	195
177	196
177	197
177	205
177	206
177	208
177	209
177	210
177	211
177	212
177	213
177	214
177	215
177	216
178	181
178	182
178	183
178	184
178	185
178	186
178	188
178	189
178	190
178	192
178	193
178	205
178	208
178	209
178	210
178	211
178	212
178	213
178	215
178	216
179	182
179	183
179	184
179	185
179	186
179	188
179	189
179	192
179	193
179	209
179	212
180	183
180	184
180	185
180	186
180	187
180	188
180	189
180	190
180	191
180	192
180	193
180	209
180	212
180	213
180	216
181	184
181	185
181	186
181	187
181	188
181	189
181	190
181	191
181	192
181	193
181	208
181	209
181	210
181	211
181	212
181	213
181	214
181	215
181	216
181	217
181	219
182	185
182	186
182	188
182	189
182	212
182	215
182	216
183	186
183	187
183	188
183	189
183	212
183	216
183	399
183	400
183	401
184	187
184	188
184	189
184	190
184	212
184	213
184	215
184	216
184	217
184	218
184	219
184	220
184	401
185	188
185	189
185	190
185	191
185	192
185	212
185	213
185	215
185	216
185	217
185	219
185	220
185	266
186	189
186	190
186	191
186	192
186	193
186	211
186	212
186	213
186	214
186	215
186	216
186	217
186	218
186	219
186	220
186	221
186	222
186	262
186	263
186	266
187	190
187	191
187	192
187	193
187	194
187	212
187	213
187	214
187	215
187	216
187	217
187	218
187	219
187	220
187	221
187	233
187	259
187	262
187	263
187	264
187	265
187	266
187	267
187	268
188	191
188	192
188	193
188	194
188	195
188	196
188	209
188	212
188	213
188	216
188	217
188	220
188	233
188	263
188	265
188	266
188	267
188	268
189	192
189	193
189	194
189	195
189	196
189	197
189	208
189	209
189	210
189	211
189	212
189	213
189	214
189	215
189	216
189	217
189	218
189	219
189	220
189	233
189	266
189	267
190	193
190	194
190	195
190	196
190	197
190	208
190	209
190	210
190	211
190	212
190	213
190	214
190	215
190	216
190	217
190	218
190	219
190	220
190	221
190	228
190	229
190	230
190	231
190	232
190	233
190	234
190	263
190	266
190	267
191	194
191	195
191	196
191	197
191	198
191	209
191	210
191	212
191	213
191	214
191	216
191	217
191	231
191	232
191	233
191	234
191	263
191	264
191	265
191	266
191	267
191	268
192	195
192	196
192	197
192	198
192	199
192	206
192	208
192	209
192	210
192	212
192	213
192	214
192	216
192	232
192	233
192	266
192	267
193	196
193	197
193	198
193	199
193	200
193	201
193	203
193	205
193	206
193	207
193	208
193	209
193	210
193	211
193	212
193	213
193	214
193	215
193	216
193	217
193	231
193	232
193	233
194	197
194	198
194	199
194	200
194	201
194	206
194	207
194	208
194	209
194	210
194	211
194	212
194	213
194	214
194	216
194	217
194	230
194	231
194	232
194	233
194	234
194	235
194	267
195	198
195	199
195	200
195	201
195	203
195	206
195	209
195	210
195	213
195	231
195	232
195	233
195	234
195	267
196	199
196	200
196	201
196	202
196	203
196	204
196	205
196	206
196	207
196	208
196	209
196	210
196	212
196	213
196	232
197	200
197	201
197	202
197	203
197	204
197	205
197	206
197	207
197	208
197	209
197	210
197	211
197	212
197	213
197	231
197	232
198	201
198	202
198	203
198	206
198	209
198	210
198	231
198	232
198	233
199	202
199	203
199	205
199	206
199	209
200	203
200	204
200	205
200	206
200	207
200	209
201	204
201	205
201	206
201	207
201	208
201	209
201	210
202	205
202	206
202	207
202	209
203	206
203	207
203	208
203	209
203	210
204	207
204	208
204	209
204	210
205	208
205	209
205	210
205	211
205	212
205	213
206	209
206	210
206	211
206	212
206	213
207	210
207	211
207	212
207	213
207	214
208	211
208	212
208	213
208	214
208	215
208	216
209	212
209	213
209	214
209	215
209	216
209	231
210	213
210	214
210	215
210	216
210	217
210	229
210	230
210	231
210	232
211	214
211	215
211	216
211	217
211	218
211	231
212	215
212	216
212	217
212	218
212	219
212	231
213	216
213	217
213	218
213	219
213	220
213	221
213	228
213	229
213	230
213	231
213	232
213	233
214	217
214	218
214	219
214	220
214	221
214	222
214	225
214	227
214	228
214	229
214	230
214	231
214	232
214	233
215	218
215	219
215	220
215	221
215	222
215	228
215	229
215	230
215	231
216	219
216	220
216	221
216	222
216	228
216	229
216	230
216	231
217	220
217	221
217	222
217	223
217	224
217	225
217	226
217	227
217	228
217	229
217	230
217	231
217	232
217	233
217	236
217	259
217	263
218	221
218	222
218	223
218	224
218	225
218	226
218	227
218	228
218	229
218	230
218	231
219	222
219	223
219	224
219	225
219	227
219	228
219	229
220	223
220	224
220	225
220	227
220	228
220	229
220	233
220	258
220	259
220	260
220	262
220	263
220	266
221	224
221	225
221	226
221	227
221	228
221	229
221	230
221	233
221	236
221	255
221	256
221	257
221	258
221	259
221	260
221	261
221	262
221	263
222	225
222	226
222	227
222	228
222	229
222	230
222	255
222	256
222	259
223	226
223	227
223	228
223	229
223	252
223	255
223	256
223	258
223	259
224	227
224	228
224	229
224	230
224	236
224	240
224	252
224	253
224	254
224	255
224	256
224	257
224	258
224	259
224	260
225	228
225	229
225	230
225	231
225	236
225	240
225	252
225	255
225	256
225	259
226	229
226	230
226	231
226	233
226	235
226	236
226	237
226	238
226	239
226	240
226	241
226	243
226	252
226	255
226	256
226	259
226	260
227	230
227	231
227	232
227	233
227	234
227	235
227	236
227	237
227	238
227	239
227	240
227	241
227	243
227	255
227	256
227	257
227	258
227	259
227	260
227	263
228	231
228	232
228	233
228	235
228	236
228	237
228	239
228	240
228	256
228	259
228	260
228	263
229	232
229	233
229	235
229	236
230	233
230	234
230	235
230	236
230	237
230	238
230	239
230	240
231	234
231	235
231	236
231	237
232	235
232	236
232	237
232	238
232	239
232	263
233	236
233	237
233	238
233	239
233	240
233	241
233	259
233	260
233	261
233	262
233	263
233	264
233	265
233	266
233	267
234	237
234	238
234	239
234	240
234	241
234	260
234	261
234	263
234	264
234	266
234	267
234	269
235	238
235	239
235	240
235	241
235	242
235	260
235	263
236	239
236	240
236	241
236	242
236	243
236	256
236	257
236	259
236	260
236	261
236	263
236	264
237	240
237	241
237	242
237	243
237	244
237	245
237	256
237	257
237	258
237	259
237	260
237	261
237	262
237	263
237	264
237	267
237	269
237	272
237	273
237	276
238	241
238	242
238	243
238	244
238	245
238	256
238	257
238	259
238	260
238	263
238	264
238	272
239	242
239	243
239	244
239	245
239	246
239	247
239	256
239	257
239	259
239	260
240	243
240	244
240	245
240	246
240	247
240	248
240	252
240	253
240	254
240	255
240	256
240	257
240	258
240	259
240	260
240	261
240	263
240	276
241	244
241	245
241	246
241	247
241	248
241	253
241	254
241	255
241	256
241	257
241	258
241	259
241	260
241	261
241	264
241	272
241	275
241	276
241	279
241	280
242	245
242	246
242	247
242	248
242	253
242	256
242	257
242	260
243	246
243	247
243	248
243	249
243	250
243	252
243	253
243	254
243	255
243	256
243	257
243	260
244	247
244	248
244	249
244	250
244	251
244	252
244	253
244	254
244	255
244	256
244	257
244	258
244	259
244	260
244	276
244	279
244	280
244	283
244	284
245	248
245	249
245	250
245	253
245	254
245	256
245	257
245	276
245	279
245	280
245	283
246	249
246	250
246	253
246	256
247	250
247	251
247	252
247	253
247	254
247	255
247	256
247	257
247	283
248	251
248	252
248	253
248	254
248	255
248	256
248	257
248	279
248	280
248	282
248	283
248	284
249	252
249	253
249	254
249	283
249	284
250	253
250	254
250	255
250	256
250	257
250	283
250	284
251	254
251	255
251	256
251	257
251	284
251	287
251	288
251	289
252	255
252	256
252	257
252	258
252	259
252	280
252	284
252	287
252	288
252	289
253	256
253	257
253	258
253	259
253	260
253	276
253	279
253	280
253	281
253	283
253	284
253	287
253	288
253	289
253	290
254	257
254	258
254	259
254	260
254	261
254	276
254	277
254	278
254	279
254	280
254	281
254	282
254	283
254	284
254	285
254	286
254	287
254	288
254	289
254	290
254	291
254	292
254	293
255	258
255	259
255	260
255	261
255	262
255	276
255	277
255	279
255	280
255	281
255	284
255	287
255	288
255	289
255	290
255	291
255	292
255	293
256	259
256	260
256	261
256	262
256	263
256	276
256	277
256	279
256	280
256	284
256	289
256	293
257	260
257	261
257	262
257	263
257	264
257	272
257	273
257	274
257	275
257	276
257	277
257	278
257	279
257	280
257	281
257	282
257	283
257	284
257	289
257	290
257	292
257	293
258	261
258	262
258	263
258	264
258	265
258	273
258	274
258	275
258	276
258	277
258	278
258	279
258	280
258	281
258	283
258	284
258	288
258	289
258	290
258	291
258	292
258	293
258	294
258	295
258	296
258	297
259	262
259	263
259	264
259	265
259	266
259	273
259	276
259	277
259	280
259	289
259	292
259	293
259	296
260	263
260	264
260	265
260	266
260	267
260	269
260	272
260	273
260	274
260	275
260	276
260	277
260	279
260	280
260	293
261	264
261	265
261	266
261	267
261	268
261	269
261	270
261	271
261	272
261	273
261	274
261	275
261	276
261	277
261	278
261	279
261	280
261	281
261	292
261	293
261	294
261	295
261	296
261	297
261	300
262	265
262	266
262	267
262	268
262	269
262	270
262	272
262	273
262	274
262	276
262	277
262	292
262	293
262	294
262	295
262	296
262	297
262	299
262	300
263	266
263	267
263	268
263	269
263	270
263	272
263	273
263	276
263	277
263	296
264	267
264	268
264	269
264	270
264	271
264	272
264	273
264	274
264	275
264	276
264	277
264	296
264	300
265	268
265	269
265	270
265	271
265	272
265	273
265	274
265	275
265	276
265	277
265	293
265	296
265	297
265	299
265	300
265	303
266	269
266	270
266	272
266	273
266	296
266	300
267	270
267	271
267	272
267	273
268	271
268	272
268	273
268	274
268	300
269	272
269	273
269	274
269	275
269	276
269	277
269	300
270	273
270	274
270	275
270	276
270	277
270	297
270	300
270	301
270	303
270	304
271	274
271	275
271	276
271	277
271	278
271	300
272	275
272	276
272	277
272	278
272	279
273	276
273	277
273	278
273	279
273	280
273	293
273	294
273	296
273	297
273	299
273	300
273	301
274	277
274	278
274	279
274	280
274	281
274	282
274	293
274	294
274	296
274	297
274	298
274	300
274	301
275	278
275	279
275	280
275	281
275	282
275	283
275	293
275	297
276	279
276	280
276	281
276	282
276	283
276	284
276	293
276	294
276	296
276	297
277	280
277	281
277	282
277	283
277	284
277	285
277	289
277	290
277	291
277	292
277	293
277	294
277	295
277	296
277	297
277	298
277	300
278	281
278	282
278	283
278	284
278	285
278	290
278	293
278	294
278	296
278	297
279	282
279	283
279	284
279	285
279	290
279	293
279	294
280	283
280	284
280	285
280	286
280	287
280	288
280	289
280	290
280	291
280	292
280	293
280	294
280	297
281	284
281	285
281	286
281	287
281	288
281	289
281	290
281	291
281	292
281	293
281	294
281	295
281	296
281	297
282	285
282	286
282	287
282	290
282	293
282	294
283	286
283	287
283	289
283	290
284	287
284	288
284	289
284	290
284	291
284	292
284	293
284	294
285	288
285	289
285	290
285	291
285	292
285	293
285	294
286	289
286	290
286	291
286	292
286	293
286	294
286	320
286	321
287	290
287	291
287	292
287	293
287	294
287	320
287	321
287	324
287	326
288	291
288	292
288	293
288	294
288	317
288	320
288	321
288	322
288	323
288	324
288	325
288	326
288	327
289	292
289	293
289	294
289	295
289	296
289	317
289	321
289	324
289	325
289	326
289	327
289	329
289	330
290	293
290	294
290	295
290	296
290	297
290	317
290	318
290	320
290	321
290	324
290	326
290	327
290	330
291	294
291	295
291	296
291	297
291	298
291	313
291	314
291	315
291	316
291	317
291	318
291	319
291	320
291	321
291	322
291	324
291	325
291	326
291	327
291	328
291	329
291	330
291	331
291	333
292	295
292	296
292	297
292	298
292	299
292	313
292	314
292	317
292	318
292	321
292	324
292	325
292	326
292	327
292	328
292	329
292	330
292	331
292	333
293	296
293	297
293	298
293	299
293	300
293	313
293	314
293	317
293	326
293	329
293	330
294	297
294	298
294	299
294	300
294	301
294	310
294	311
294	312
294	313
294	314
294	315
294	316
294	317
294	318
294	320
294	321
294	326
294	327
294	329
294	330
294	333
294	334
295	298
295	299
295	300
295	301
295	302
295	309
295	310
295	311
295	312
295	313
295	314
295	315
295	316
295	317
295	318
295	321
295	326
295	327
295	328
295	329
295	330
295	331
295	332
295	333
295	334
295	337
296	299
296	300
296	301
296	302
296	303
296	310
296	311
296	313
296	314
296	317
296	329
296	330
296	333
296	334
297	300
297	301
297	302
297	303
297	304
297	306
297	309
297	310
297	311
297	312
297	313
297	314
297	317
297	330
297	333
298	301
298	302
298	303
298	304
298	305
298	306
298	307
298	308
298	309
298	310
298	311
298	312
298	313
298	314
298	315
298	316
298	317
298	318
298	330
298	333
298	334
298	336
298	337
299	302
299	303
299	304
299	305
299	306
299	307
299	308
299	309
299	310
299	311
299	312
299	313
299	314
299	330
299	332
299	333
299	334
299	336
299	337
300	303
300	304
300	305
300	306
300	307
300	309
300	310
300	311
300	313
300	314
300	333
300	337
301	304
301	305
301	306
301	307
301	308
301	309
301	310
301	311
301	312
301	313
301	314
301	337
302	305
302	306
302	307
302	308
302	309
302	310
302	311
302	312
302	313
302	314
302	333
302	334
302	336
302	337
302	338
302	340
302	341
303	306
303	307
303	308
303	309
303	310
303	311
303	337
303	340
304	307
304	308
304	309
304	310
305	308
305	309
305	310
305	311
305	337
305	340
305	341
306	309
306	310
306	311
306	312
306	313
306	337
306	341
307	310
307	311
307	312
307	313
307	314
307	334
307	336
307	337
307	338
307	339
307	340
307	341
307	342
307	343
308	311
308	312
308	313
308	314
308	315
308	334
308	337
308	338
308	340
308	341
308	342
308	343
309	312
309	313
309	314
309	315
309	316
309	334
309	337
309	338
309	341
310	313
310	314
310	315
310	316
310	317
310	330
310	333
310	334
310	335
310	336
310	337
310	338
310	340
310	341
311	314
311	315
311	316
311	317
311	318
311	330
311	331
311	332
311	333
311	334
311	335
311	336
311	337
311	338
311	339
311	340
311	341
311	342
311	343
311	346
311	347
312	315
312	316
312	317
312	318
312	319
312	330
312	333
312	334
312	335
312	337
312	338
312	341
312	343
312	346
313	316
313	317
313	318
313	319
313	320
313	330
313	331
313	333
313	334
313	337
313	338
314	317
314	318
314	319
314	320
314	321
314	327
314	328
314	329
314	330
314	331
314	332
314	333
314	334
314	335
314	336
314	337
314	338
314	346
314	347
314	350
315	318
315	319
315	320
315	321
315	322
315	327
315	328
315	329
315	330
315	331
315	332
315	333
315	334
315	335
315	336
315	337
315	338
315	343
315	346
315	347
315	349
315	350
316	319
316	320
316	321
316	322
316	327
316	330
316	331
316	334
317	320
317	321
317	322
317	323
317	324
317	326
317	327
317	328
317	329
317	330
317	331
317	332
317	333
317	334
318	321
318	322
318	323
318	324
318	325
318	326
318	327
318	328
318	329
318	330
318	331
318	332
318	333
318	334
318	335
318	346
318	350
318	353
318	354
319	322
319	323
319	324
319	326
319	327
319	328
319	329
319	330
319	331
319	334
319	350
320	323
320	324
320	326
320	327
320	330
320	331
321	324
321	325
321	326
321	327
321	328
321	329
321	330
321	331
322	325
322	326
322	327
322	328
322	329
322	330
322	331
322	350
322	353
322	354
322	357
323	326
323	327
323	328
323	330
323	357
324	327
324	328
324	329
324	330
324	331
324	357
325	328
325	329
325	330
325	331
325	354
325	357
325	358
325	359
326	329
326	330
326	331
326	332
326	333
326	354
326	357
326	358
327	330
327	331
327	332
327	333
327	334
327	350
327	353
327	354
327	357
327	358
328	331
328	332
328	333
328	334
328	335
328	350
328	351
328	352
328	353
328	354
328	355
328	356
328	357
328	358
328	359
328	362
328	364
328	365
328	368
329	332
329	333
329	334
329	335
329	336
329	350
329	351
329	353
329	354
329	355
329	357
329	358
329	364
329	368
330	333
330	334
330	335
330	336
330	337
330	338
330	347
330	350
330	351
330	353
330	354
331	334
331	335
331	336
331	337
331	338
331	339
331	346
331	347
331	348
331	349
331	350
331	351
331	352
331	353
331	354
331	355
331	356
331	357
331	358
331	368
332	335
332	336
332	337
332	338
332	339
332	346
332	347
332	348
332	349
332	350
332	351
332	352
332	353
332	354
332	355
332	357
332	358
332	364
332	365
332	367
332	368
332	369
332	371
332	372
333	336
333	337
333	338
333	339
333	340
333	347
333	350
333	351
333	354
333	368
333	371
334	337
334	338
334	339
334	340
334	341
334	342
334	343
334	344
334	346
334	347
334	348
334	349
334	350
334	351
334	353
334	354
334	368
334	371
335	338
335	339
335	340
335	341
335	342
335	343
335	344
335	345
335	346
335	347
335	348
335	349
335	350
335	351
335	352
335	353
335	354
335	355
335	367
335	368
335	369
335	370
335	371
335	372
335	374
335	375
336	339
336	340
336	341
336	342
336	343
336	344
336	346
336	347
336	348
336	350
336	351
336	354
336	367
336	368
336	369
336	370
336	371
336	372
336	374
336	375
337	340
337	341
337	342
337	343
337	344
337	346
337	347
337	348
337	350
337	351
337	371
337	375
338	341
338	342
338	343
338	344
338	345
338	346
338	347
338	348
338	349
338	350
338	351
338	371
338	372
338	374
338	375
338	378
339	342
339	343
339	344
339	345
339	346
339	347
339	348
339	349
339	350
339	351
339	368
339	370
339	371
339	372
339	373
339	374
339	375
339	376
339	377
339	378
339	379
340	343
340	344
340	347
340	371
340	374
340	375
340	378
341	344
341	345
341	346
341	347
341	375
341	378
342	345
342	346
342	347
342	348
342	371
342	374
342	375
342	376
342	377
342	378
342	379
342	380
343	346
343	347
343	348
343	349
343	350
343	374
343	375
343	376
343	378
343	379
344	347
344	348
344	349
344	350
344	351
344	352
344	371
344	372
344	373
344	374
344	375
344	376
344	377
344	378
344	379
344	380
344	381
345	348
345	349
345	350
345	351
345	352
345	372
345	375
345	376
345	377
345	378
345	379
345	380
345	381
346	349
346	350
346	351
346	352
346	353
346	372
346	375
346	376
346	379
347	350
347	351
347	352
347	353
347	354
347	368
347	369
347	371
347	372
347	373
347	374
347	375
347	376
347	378
347	379
348	351
348	352
348	353
348	354
348	355
348	368
348	369
348	370
348	371
348	372
348	373
348	374
348	375
348	376
348	377
348	378
348	379
348	381
348	384
348	385
349	352
349	353
349	354
349	355
349	356
349	371
349	372
349	375
349	376
350	353
350	354
350	355
350	356
350	357
350	368
350	369
350	371
350	372
350	375
351	354
351	355
351	356
351	357
351	358
351	364
351	365
351	366
351	367
351	368
351	369
351	370
351	371
351	372
351	373
351	374
351	375
351	376
352	355
352	356
352	357
352	358
352	365
352	368
352	369
352	370
352	371
352	372
352	373
352	375
352	376
352	388
353	356
353	357
353	358
353	365
353	368
353	369
353	372
354	357
354	358
354	359
354	360
354	362
354	364
354	365
354	366
354	367
354	368
354	369
354	371
354	372
355	358
355	359
355	360
355	361
355	362
355	363
355	364
355	365
355	366
355	367
355	368
355	369
355	370
355	371
355	372
356	359
356	360
356	361
356	362
356	365
356	368
356	369
357	360
357	361
357	362
357	365
357	368
358	361
358	362
358	363
358	364
358	365
358	366
358	368
358	369
359	362
359	363
359	364
359	365
360	363
360	364
360	365
360	366
361	364
361	365
361	366
362	365
362	366
362	367
362	368
362	369
363	366
363	367
363	368
363	369
363	395
363	396
363	400
364	367
364	368
364	369
364	370
364	371
364	392
364	396
364	400
364	401
364	402
365	368
365	369
365	370
365	371
365	372
365	388
365	391
365	392
365	395
365	396
366	369
366	370
366	371
366	372
366	373
366	388
366	389
366	390
366	391
366	392
366	393
366	394
366	395
366	396
366	397
366	400
366	401
366	402
366	403
366	406
367	370
367	371
367	372
367	373
367	374
367	388
367	389
367	391
367	392
367	393
367	395
367	396
367	400
367	401
367	402
367	403
367	405
367	406
368	371
368	372
368	373
368	374
368	375
368	388
368	389
368	392
368	402
368	406
369	372
369	373
369	374
369	375
369	376
369	384
369	385
369	386
369	387
369	388
369	389
369	390
369	391
369	392
369	393
369	395
369	396
369	402
369	406
370	373
370	374
370	375
370	376
370	377
370	384
370	385
370	386
370	387
370	388
370	389
370	390
370	391
370	392
370	393
370	395
370	396
370	401
370	402
370	403
370	404
370	405
370	406
370	407
370	408
370	409
370	410
371	374
371	375
371	376
371	377
371	378
371	385
371	388
371	389
371	392
371	402
371	405
371	406
371	409
372	375
372	376
372	377
372	378
372	379
372	381
372	382
372	384
372	385
372	386
372	387
372	388
372	389
372	391
372	392
372	406
373	376
373	377
373	378
373	379
373	380
373	381
373	382
373	383
373	384
373	385
373	386
373	387
373	388
373	389
373	390
373	391
373	392
373	393
373	405
373	406
373	409
373	410
373	412
373	413
373	414
374	377
374	378
374	379
374	380
374	381
374	382
374	383
374	384
374	385
374	386
374	387
374	388
374	389
374	405
374	406
374	408
374	409
374	410
374	412
374	413
375	378
375	379
375	380
375	381
375	382
375	384
375	385
375	386
375	388
375	389
375	409
375	413
376	379
376	380
376	381
376	382
376	383
376	384
376	385
376	386
376	387
376	388
376	389
376	409
376	413
376	417
377	380
377	381
377	382
377	383
377	384
377	385
377	386
377	387
377	388
377	389
377	409
377	410
377	412
377	413
377	414
377	415
377	416
377	417
378	381
378	382
378	384
378	385
378	409
378	413
378	416
379	382
379	383
379	384
379	385
380	383
380	384
380	385
380	386
380	413
380	416
380	417
381	384
381	385
381	386
381	387
381	388
381	413
381	414
381	416
381	417
382	385
382	386
382	387
382	388
382	389
382	409
382	410
382	411
382	412
382	413
382	414
382	415
382	416
382	417
382	418
382	419
383	386
383	387
383	388
383	389
383	390
383	410
383	412
383	413
383	414
383	415
383	416
383	417
383	418
383	419
384	387
384	388
384	389
384	390
384	391
384	410
384	413
384	414
384	416
384	417
385	388
385	389
385	390
385	391
385	392
385	406
385	409
385	410
385	411
385	412
385	413
385	414
385	415
385	416
385	417
386	389
386	390
386	391
386	392
386	393
386	406
386	407
386	408
386	409
386	410
386	411
386	412
386	413
386	414
386	415
386	416
386	417
386	418
386	419
386	420
386	422
386	423
386	426
387	390
387	391
387	392
387	393
387	394
387	406
387	409
387	410
387	411
387	413
387	414
387	417
387	419
387	422
388	391
388	392
388	393
388	394
388	395
388	406
388	407
388	409
388	410
388	413
388	414
389	392
389	393
389	394
389	395
389	396
389	402
389	403
389	404
389	405
389	406
389	407
389	408
389	409
389	410
389	411
389	412
389	413
389	414
389	422
389	423
389	426
390	393
390	394
390	395
390	396
390	403
390	405
390	406
390	407
390	408
390	409
390	410
390	411
390	413
390	414
390	422
390	423
390	425
390	426
390	429
391	394
391	395
391	396
391	403
391	406
391	407
391	410
392	395
392	396
392	397
392	398
392	400
392	402
392	403
392	404
392	405
392	406
392	407
392	409
392	410
393	396
393	397
393	398
393	399
393	400
393	401
393	402
393	403
393	404
393	405
393	406
393	407
393	408
393	409
393	410
393	411
393	426
393	429
393	430
394	397
394	398
394	400
394	403
394	406
394	407
394	410
394	426
394	429
395	398
395	399
395	400
395	402
395	403
395	406
396	399
396	400
396	401
396	402
396	403
396	404
396	405
396	406
396	407
397	400
397	401
397	402
397	403
397	404
397	406
397	433
398	401
398	402
398	403
398	404
398	405
398	406
398	407
398	429
398	430
398	432
398	433
398	434
399	402
399	403
399	404
399	405
399	433
399	434
400	403
400	404
400	405
400	406
400	407
400	433
400	434
401	404
401	405
401	406
401	434
402	405
402	406
402	407
402	408
402	409
402	410
402	430
402	434
403	406
403	407
403	408
403	409
403	410
403	426
403	429
403	430
403	431
403	433
403	434
403	435
404	407
404	408
404	409
404	410
404	411
404	426
404	427
404	428
404	429
404	430
404	431
404	432
404	433
404	434
404	435
404	436
404	441
405	408
405	409
405	410
405	411
405	412
405	413
405	426
405	427
405	429
405	430
405	431
405	433
405	434
405	435
405	436
406	409
406	410
406	411
406	412
406	413
406	414
406	426
406	427
406	429
406	430
406	433
406	434
407	410
407	411
407	412
407	413
407	414
407	422
407	423
407	424
407	425
407	426
407	427
407	428
407	429
407	430
407	431
407	432
407	433
407	434
407	435
407	436
408	411
408	412
408	413
408	414
408	415
408	423
408	424
408	425
408	426
408	427
408	428
408	429
408	430
408	431
408	432
408	433
408	434
408	435
408	436
409	412
409	413
409	414
409	415
409	416
409	417
409	423
409	424
409	426
409	427
409	429
409	430
409	436
410	413
410	414
410	415
410	416
410	417
410	418
410	419
410	420
410	422
410	423
410	424
410	425
410	426
410	427
410	428
410	429
410	430
411	414
411	415
411	416
411	417
411	418
411	419
411	420
411	421
411	422
411	423
411	424
411	425
411	426
411	427
411	428
411	429
411	430
411	431
412	415
412	416
412	417
412	418
412	419
412	420
412	421
412	422
412	423
412	424
412	425
412	426
412	427
412	428
412	430
413	416
413	417
413	418
413	419
413	420
413	422
413	423
413	424
413	426
413	427
414	417
414	418
414	419
414	420
414	421
414	422
414	423
414	424
414	425
414	426
414	427
415	418
415	419
415	420
415	421
415	422
415	423
415	424
415	425
415	426
415	427
416	419
416	420
416	421
416	422
416	423
417	420
417	421
417	422
417	423
418	421
418	422
418	423
418	424
419	422
419	423
419	424
419	425
419	426
420	423
420	424
420	425
420	426
420	427
421	424
421	425
421	426
421	427
421	428
422	425
422	426
422	427
422	428
422	429
423	426
423	427
423	428
423	429
423	430
424	427
424	428
424	429
424	430
424	431
424	467
425	428
425	429
425	430
425	431
425	432
425	467
426	429
426	430
426	431
426	432
426	433
426	434
427	430
427	431
427	432
427	433
427	434
427	435
427	436
427	467
428	431
428	432
428	433
428	434
428	435
428	436
428	463
428	464
428	465
428	466
428	467
428	468
428	470
428	471
429	432
429	433
429	434
429	435
429	460
429	463
429	464
429	466
429	467
430	433
430	434
430	435
430	436
430	441
430	463
430	466
430	467
431	434
431	435
431	436
431	437
431	440
431	441
431	444
431	460
431	462
431	463
431	464
431	465
431	466
431	467
431	468
431	469
431	470
431	471
432	435
432	436
432	440
432	441
432	444
432	445
432	448
432	459
432	460
432	461
432	462
432	463
432	464
432	465
432	466
432	467
432	468
432	470
433	436
433	440
433	441
433	444
433	445
433	448
433	459
433	460
433	462
433	463
433	464
433	466
433	467
434	437
434	438
434	439
434	440
434	441
434	442
434	443
434	444
434	445
434	448
434	459
434	463
434	466
435	438
435	439
435	440
435	441
435	442
435	443
435	444
435	445
435	463
435	466
435	467
435	470
436	439
436	440
436	441
436	442
436	443
436	444
437	440
437	441
437	442
437	443
437	444
438	441
438	442
438	443
438	444
438	445
439	442
439	443
439	444
439	445
439	446
439	507
439	510
439	511
440	443
440	444
440	445
440	446
440	447
440	466
440	470
440	504
440	507
440	511
441	444
441	445
441	446
441	447
441	448
441	466
442	445
442	446
442	447
442	448
442	449
442	503
442	507
443	446
443	447
443	448
443	449
443	450
443	462
443	466
443	499
443	500
443	501
443	502
443	503
443	504
443	506
443	507
443	508
444	447
444	448
444	449
444	450
444	451
444	459
444	460
444	462
444	463
444	465
444	466
444	467
444	488
444	500
444	503
444	504
444	507
445	448
445	449
445	450
445	451
445	452
445	459
445	462
445	463
445	466
445	500
445	503
446	449
446	450
446	451
446	452
446	453
446	459
446	462
446	497
446	498
446	499
446	500
446	501
446	502
446	503
446	504
447	450
447	451
447	452
447	453
447	454
447	455
447	458
447	459
447	460
447	461
447	462
447	463
447	465
447	466
447	488
447	489
447	491
447	492
447	495
447	497
447	498
447	499
447	500
447	501
447	502
447	503
447	504
448	451
448	452
448	453
448	454
448	455
448	457
448	458
448	459
448	460
448	461
448	462
448	463
448	465
448	466
448	492
448	497
448	499
448	500
449	452
449	453
449	454
449	455
449	457
449	458
449	459
449	460
449	462
449	497
449	498
449	499
449	500
450	453
450	454
450	455
450	456
450	457
450	458
450	459
450	462
450	492
450	495
450	496
450	497
450	498
450	499
450	500
450	501
450	502
450	503
450	504
451	454
451	455
451	456
451	457
451	458
451	459
451	460
451	461
451	462
451	463
451	491
451	492
451	493
451	494
451	495
451	496
451	497
451	498
451	499
451	500
451	501
452	455
452	456
452	457
452	458
452	459
452	460
452	461
452	462
452	492
452	495
452	496
452	497
452	499
452	500
453	456
453	457
453	458
453	459
453	495
453	496
453	497
453	498
453	499
453	500
454	457
454	458
454	459
454	492
454	495
454	496
454	497
454	498
454	499
454	500
454	501
455	458
455	459
455	461
455	492
455	495
455	496
455	497
456	459
456	460
456	461
456	495
456	496
456	497
457	460
457	461
457	462
457	463
457	495
457	497
458	461
458	462
458	463
458	464
459	462
459	463
459	464
459	465
459	466
460	463
460	464
460	465
460	466
460	467
461	464
461	465
461	466
461	467
461	468
461	491
461	492
461	495
462	465
462	466
462	467
462	468
462	469
462	470
462	488
462	491
462	492
462	495
462	500
463	466
463	467
463	468
463	469
463	470
464	467
464	468
464	469
464	470
464	471
464	488
465	468
465	469
465	470
465	471
465	472
465	473
465	484
465	485
465	487
465	488
465	489
465	490
465	491
465	492
466	469
466	470
466	471
466	472
466	473
466	474
466	484
466	485
466	487
466	488
466	489
466	491
467	470
467	471
467	472
467	473
467	474
467	484
467	488
468	471
468	472
468	473
468	474
468	475
468	481
468	483
468	484
468	485
468	487
468	488
469	472
469	473
469	474
469	475
469	480
469	481
469	482
469	483
469	484
469	485
469	486
469	487
469	488
469	489
469	490
469	491
470	473
470	474
470	475
470	476
470	480
470	481
470	482
470	483
470	484
470	485
470	487
470	488
471	474
471	475
471	476
471	477
471	480
471	481
471	483
471	484
471	485
472	475
472	476
472	477
472	478
472	479
472	480
472	481
472	482
472	483
472	484
472	485
472	486
472	487
472	488
472	778
473	476
473	477
473	478
473	479
473	480
473	481
473	482
473	483
473	484
473	485
473	486
473	487
473	488
473	508
473	511
473	513
474	477
474	478
474	479
474	480
474	481
474	482
474	483
474	484
474	485
475	478
475	479
475	480
475	481
475	482
475	483
475	484
475	485
476	479
476	480
476	481
476	482
477	480
477	481
477	482
477	483
477	484
477	778
478	481
478	482
478	483
478	484
478	485
478	511
478	512
478	513
478	514
478	777
478	778
479	482
479	483
479	484
479	485
479	486
479	512
479	513
479	514
479	775
479	776
479	777
479	778
479	779
480	483
480	484
480	485
480	486
480	487
480	513
480	776
480	777
480	778
480	779
481	484
481	485
481	486
481	487
481	488
481	508
481	511
481	512
481	513
481	514
481	776
481	777
481	778
482	485
482	486
482	487
482	488
482	489
482	508
482	509
482	511
482	512
482	513
482	514
482	515
482	516
482	776
482	777
482	778
483	486
483	487
483	488
483	489
483	490
483	508
483	513
483	514
483	775
483	776
483	777
483	778
483	779
484	487
484	488
484	489
484	490
484	491
484	508
484	511
484	513
484	776
484	777
484	778
485	488
485	489
485	490
485	491
485	492
485	504
485	505
485	506
485	507
485	508
485	509
485	510
485	511
485	512
485	513
485	514
485	516
485	519
486	489
486	490
486	491
486	492
486	493
486	501
486	504
486	505
486	507
486	508
486	509
486	511
486	512
486	513
486	514
486	515
486	516
486	518
486	519
486	776
486	777
487	490
487	491
487	492
487	493
487	494
487	501
487	504
487	505
487	508
487	777
488	491
488	492
488	493
488	494
488	495
488	497
488	500
488	501
488	502
488	503
488	504
488	505
488	507
488	508
489	492
489	493
489	494
489	495
489	496
489	497
489	498
489	499
489	500
489	501
489	502
489	503
489	504
489	505
489	506
489	507
489	508
489	509
489	513
489	516
489	519
489	520
489	522
489	523
489	526
490	493
490	494
490	495
490	496
490	497
490	498
490	500
490	501
490	502
490	504
490	505
490	508
490	519
490	522
490	523
490	727
491	494
491	495
491	496
491	497
491	498
491	500
491	501
491	502
491	504
491	505
492	495
492	496
492	497
492	498
492	499
492	500
492	501
492	502
492	503
492	504
492	505
492	523
492	526
493	496
493	497
493	498
493	499
493	500
493	501
493	502
493	503
493	504
493	505
493	519
493	522
493	523
493	525
493	526
493	527
493	529
493	530
494	497
494	498
494	500
494	501
494	526
494	727
495	498
495	499
495	500
495	501
496	499
496	500
496	501
496	502
496	526
496	527
496	529
496	530
496	533
497	500
497	501
497	502
497	503
497	504
497	505
497	526
497	527
497	529
497	530
497	533
498	501
498	502
498	503
498	504
498	505
498	522
498	523
498	524
498	525
498	526
498	527
498	528
498	529
498	530
498	531
498	532
498	533
498	534
499	502
499	503
499	504
499	505
499	506
499	523
499	526
499	527
499	528
499	529
499	530
499	531
499	534
500	503
500	504
500	505
500	506
500	507
500	508
500	523
500	526
500	527
500	530
501	504
501	505
501	506
501	507
501	508
501	519
501	520
501	522
501	523
501	524
501	525
501	526
501	527
501	529
501	530
502	505
502	506
502	507
502	508
502	509
502	519
502	520
502	521
502	522
502	523
502	524
502	525
502	526
502	527
502	528
502	529
502	530
502	531
503	506
503	507
503	508
503	509
503	510
503	519
503	520
503	522
503	523
503	524
503	526
503	527
504	507
504	508
504	509
504	510
504	511
504	513
504	516
504	519
504	520
504	522
504	523
504	526
505	508
505	509
505	510
505	511
505	512
505	513
505	515
505	516
505	517
505	518
505	519
505	520
505	521
505	522
505	523
505	524
505	525
505	526
505	527
506	509
506	510
506	511
506	512
506	513
506	516
506	517
506	518
506	519
506	520
506	521
506	522
506	523
506	524
506	526
506	527
507	510
507	511
507	512
507	513
507	516
507	517
507	519
507	520
507	523
508	511
508	512
508	513
508	514
508	515
508	516
508	517
508	518
508	519
508	520
508	522
508	523
509	512
509	513
509	514
509	515
509	516
509	517
509	518
509	519
509	520
509	521
509	522
509	523
510	513
510	514
510	515
510	516
510	517
510	519
510	520
511	514
511	515
511	516
511	519
512	515
512	516
512	517
512	518
512	519
512	520
513	516
513	517
513	518
513	519
513	520
514	517
514	518
514	519
514	520
514	774
514	775
514	776
515	518
515	519
515	520
515	521
515	522
515	773
515	774
515	775
515	776
516	519
516	520
516	521
516	522
516	523
517	520
517	521
517	522
517	523
517	524
517	550
517	551
517	552
517	553
518	521
518	522
518	523
518	524
518	525
518	552
518	553
518	554
519	522
519	523
519	524
519	525
519	526
519	527
519	552
520	523
520	524
520	525
520	526
520	527
520	546
520	547
520	550
520	551
520	552
520	553
521	524
521	525
521	526
521	527
521	528
521	543
521	544
521	546
521	547
521	548
521	550
521	551
521	552
521	553
521	554
521	555
521	558
522	525
522	526
522	527
522	528
522	529
522	547
522	552
522	553
522	554
522	555
522	558
523	526
523	527
523	528
523	529
523	530
523	543
523	546
523	547
523	552
523	553
524	527
524	528
524	529
524	530
524	531
524	539
524	540
524	541
524	542
524	543
524	544
524	545
524	546
524	547
524	548
524	549
524	550
524	551
524	552
524	553
524	554
524	555
524	558
525	528
525	529
525	530
525	531
525	532
525	540
525	543
525	544
525	545
525	546
525	547
525	552
525	553
525	554
525	555
525	556
525	557
525	558
525	559
525	560
525	561
525	562
526	529
526	530
526	531
526	532
526	533
526	534
526	540
526	543
526	544
526	547
526	554
526	557
526	558
526	561
526	562
527	530
527	531
527	532
527	533
527	534
527	536
527	537
527	539
527	540
527	541
527	542
527	543
527	544
527	546
527	547
527	558
527	561
527	562
528	531
528	532
528	533
528	534
528	535
528	536
528	537
528	538
528	539
528	540
528	541
528	542
528	543
528	544
528	545
528	546
528	547
528	554
528	555
528	557
528	558
528	559
528	560
528	561
528	562
528	563
528	564
528	565
528	566
529	532
529	533
529	534
529	535
529	536
529	537
529	539
529	540
529	541
529	543
529	544
529	557
529	558
529	559
529	560
529	561
529	562
529	563
529	564
529	565
530	533
530	534
530	535
530	536
530	537
530	538
530	539
530	540
530	541
530	543
530	544
530	561
530	562
530	565
531	534
531	535
531	536
531	537
531	538
531	539
531	540
531	541
531	542
531	543
531	544
531	561
531	562
531	563
531	564
531	565
531	566
531	569
532	535
532	536
532	537
532	538
532	539
532	540
532	541
532	542
532	543
532	544
532	558
532	559
532	560
532	561
532	562
532	563
532	564
532	565
532	566
532	567
532	568
532	569
533	536
533	537
533	539
533	540
533	561
533	562
533	564
533	565
533	566
533	568
533	569
534	537
534	538
534	539
534	540
534	564
534	565
534	566
534	568
534	569
535	538
535	539
535	540
535	541
535	561
535	562
535	563
535	564
535	565
535	566
535	567
535	568
535	569
535	570
535	571
536	539
536	540
536	541
536	542
536	543
536	562
536	563
536	564
536	565
536	566
536	567
536	568
536	569
536	570
536	571
537	540
537	541
537	542
537	543
537	544
537	561
537	562
537	563
537	564
537	565
537	566
537	567
537	568
537	569
537	570
537	571
537	572
537	574
537	575
538	541
538	542
538	543
538	544
538	545
538	562
538	563
538	564
538	565
538	566
538	567
538	568
538	569
538	570
538	571
538	572
538	573
538	574
538	575
539	542
539	543
539	544
539	545
539	546
539	562
539	565
539	566
540	543
540	544
540	545
540	546
540	547
540	558
540	559
540	560
540	561
540	562
540	563
540	564
540	565
540	566
540	567
540	569
540	571
540	574
540	575
541	544
541	545
541	546
541	547
541	548
541	558
541	559
541	560
541	561
541	562
541	563
541	564
541	565
541	566
541	567
541	571
541	574
541	575
541	577
541	578
541	579
542	545
542	546
542	547
542	548
542	549
542	558
542	559
542	562
542	563
542	566
542	574
542	578
543	546
543	547
543	548
543	549
543	550
543	552
543	558
543	559
543	561
543	562
544	547
544	548
544	549
544	550
544	551
544	552
544	553
544	554
544	555
544	556
544	557
544	558
544	559
544	560
544	561
544	562
544	563
544	564
544	565
544	566
544	578
545	548
545	549
545	550
545	551
545	552
545	555
545	558
545	559
545	562
545	578
546	549
546	550
546	551
546	552
546	553
546	555
546	558
546	559
546	562
547	550
547	551
547	552
547	553
547	554
547	555
547	556
547	557
547	558
547	559
547	562
548	551
548	552
548	553
548	554
548	555
548	556
548	558
548	559
548	582
549	552
549	553
549	555
550	553
550	555
551	554
551	555
552	555
552	556
552	557
552	558
552	559
553	556
553	557
553	558
553	559
554	557
554	558
554	559
554	560
554	561
555	558
555	559
555	560
555	561
555	562
555	582
556	559
556	560
556	561
556	562
556	563
556	579
556	582
556	583
556	585
556	587
556	589
556	590
557	560
557	561
557	562
557	563
557	564
557	582
557	590
558	561
558	562
558	563
558	564
558	565
558	578
558	582
559	562
559	563
559	564
559	565
559	566
559	575
559	578
559	579
559	580
559	581
559	582
559	583
559	587
559	589
559	590
559	593
560	563
560	564
560	565
560	566
560	567
560	575
560	578
560	579
560	582
560	583
560	589
560	590
560	592
560	593
560	594
561	564
561	565
561	566
561	567
561	568
561	575
561	578
561	579
561	593
562	565
562	566
562	567
562	568
562	569
562	571
562	574
562	575
562	576
562	577
562	578
562	579
562	582
563	566
563	567
563	568
563	569
563	570
563	571
563	572
563	573
563	574
563	575
563	576
563	577
563	578
563	579
563	580
563	581
563	582
563	590
563	593
563	594
563	596
563	597
564	567
564	568
564	569
564	570
564	571
564	572
564	574
564	575
564	576
564	578
564	579
564	593
564	594
564	596
564	597
565	568
565	569
565	570
565	571
565	572
565	574
565	575
565	578
565	597
566	569
566	570
566	571
566	572
566	573
566	574
566	575
566	576
566	577
566	578
566	579
566	597
566	600
566	601
567	570
567	571
567	572
567	573
567	574
567	575
567	576
567	577
567	578
567	579
567	593
567	594
567	596
567	597
567	598
567	599
567	600
567	601
568	571
568	572
568	574
568	575
568	596
568	597
568	600
568	601
569	572
569	573
569	574
569	575
569	600
569	601
570	573
570	574
570	575
570	576
570	597
570	598
570	600
570	601
570	602
571	574
571	575
571	576
571	577
571	578
571	597
571	598
571	600
571	601
572	575
572	576
572	577
572	578
572	579
572	580
572	594
572	596
572	597
572	598
572	599
572	600
572	601
572	602
572	603
573	576
573	577
573	578
573	579
573	580
573	594
573	597
573	598
573	600
573	601
573	603
574	577
574	578
574	579
574	580
574	581
574	594
574	597
574	598
574	601
575	578
575	579
575	580
575	581
575	582
575	583
575	590
575	593
575	594
575	595
575	596
575	597
575	598
575	599
575	600
575	601
576	579
576	580
576	581
576	582
576	583
576	590
576	591
576	592
576	593
576	594
576	595
576	596
576	597
576	598
576	599
576	600
576	601
576	603
576	606
576	607
577	580
577	581
577	582
577	583
577	584
577	593
577	594
577	597
577	598
578	581
578	582
578	583
578	584
578	585
578	590
578	591
578	593
578	594
578	597
579	582
579	583
579	584
579	585
579	586
579	587
579	588
579	589
579	590
579	591
579	592
579	593
579	594
579	595
579	596
579	597
579	598
579	610
580	583
580	584
580	585
580	586
580	587
580	588
580	589
580	590
580	591
580	592
580	593
580	594
580	595
580	597
580	598
580	606
580	610
581	584
581	585
581	586
581	587
581	590
581	591
581	593
581	594
582	585
582	586
582	587
582	588
582	589
582	590
582	591
582	592
582	593
582	594
583	586
583	587
583	588
583	589
583	590
583	591
583	592
583	593
583	594
583	595
583	610
583	613
583	614
583	617
584	587
584	588
584	589
584	590
584	591
584	594
584	610
584	613
584	614
584	617
585	588
585	589
585	590
585	591
585	617
586	589
586	590
586	591
586	592
586	613
586	614
586	616
586	617
586	618
586	625
586	626
587	590
587	591
587	592
587	593
587	594
587	613
587	614
587	617
587	618
587	623
587	624
587	625
587	626
587	628
587	629
588	591
588	592
588	593
588	594
588	595
588	610
588	611
588	612
588	613
588	614
588	615
588	616
588	617
588	618
588	623
588	624
588	625
588	626
588	627
588	628
588	629
588	630
588	632
588	633
589	592
589	593
589	594
589	595
589	596
589	610
589	611
589	614
589	615
589	623
589	624
589	625
589	626
589	627
589	628
589	629
589	630
589	631
589	632
589	633
590	593
590	594
590	595
590	596
590	597
590	610
590	611
590	613
590	614
590	625
590	626
590	628
590	629
590	630
591	594
591	595
591	596
591	597
591	598
591	606
591	607
591	608
591	609
591	610
591	611
591	612
591	613
591	614
591	615
591	616
591	617
591	625
591	626
591	628
591	629
591	630
591	632
591	633
592	595
592	596
592	597
592	598
592	599
592	606
592	607
592	608
592	609
592	610
592	611
592	612
592	613
592	614
592	615
592	625
592	626
592	627
592	628
592	629
592	630
592	631
592	632
592	633
592	634
592	635
592	636
593	596
593	597
593	598
593	599
593	600
593	607
593	610
593	611
593	614
593	628
593	629
593	630
593	632
593	633
593	636
594	597
594	598
594	599
594	600
594	601
594	603
594	604
594	606
594	607
594	608
594	609
594	610
594	611
594	613
594	614
594	629
594	633
595	598
595	599
595	600
595	601
595	602
595	603
595	604
595	605
595	606
595	607
595	608
595	609
595	610
595	611
595	612
595	613
595	614
595	629
595	630
595	632
595	633
595	634
595	636
595	637
596	599
596	600
596	601
596	602
596	603
596	604
596	606
596	607
596	608
596	610
596	611
596	629
596	630
596	632
596	633
596	634
596	636
596	637
597	600
597	601
597	602
597	603
597	604
597	606
597	607
597	610
598	601
598	602
598	603
598	604
598	605
598	606
598	607
598	608
598	609
598	610
598	611
599	602
599	603
599	604
599	605
599	606
599	607
599	608
599	609
599	610
599	611
599	633
599	636
599	637
599	640
600	603
600	604
600	606
600	607
600	640
601	604
601	605
601	606
601	607
602	605
602	606
602	607
602	608
603	606
603	607
603	608
603	609
603	610
604	607
604	608
604	609
604	610
604	611
605	608
605	609
605	610
605	611
605	612
606	609
606	610
606	611
606	612
606	613
607	610
607	611
607	612
607	613
607	614
607	633
608	611
608	612
608	613
608	614
608	615
608	633
609	612
609	613
609	614
609	615
609	616
610	613
610	614
610	615
610	616
610	617
610	629
610	630
610	633
611	614
611	615
611	616
611	617
611	626
611	629
611	630
611	631
611	632
611	633
611	634
612	615
612	616
612	617
612	618
612	619
612	626
612	629
612	630
612	633
613	616
613	617
613	618
613	619
613	626
613	629
613	630
614	617
614	618
614	619
614	623
614	625
614	626
614	627
614	628
614	629
614	630
614	633
615	618
615	619
615	620
615	621
615	622
615	623
615	624
615	625
615	626
615	627
615	628
615	629
615	630
615	633
616	619
616	620
616	621
616	622
616	623
616	626
617	620
617	621
617	622
617	623
617	625
617	626
618	621
618	622
618	623
618	624
618	625
618	626
618	627
619	622
619	623
619	626
620	623
621	624
621	625
621	626
621	627
622	625
622	626
622	627
622	628
622	653
622	656
622	657
622	658
623	626
623	627
623	628
623	629
623	630
623	653
623	656
623	657
623	658
624	627
624	628
624	629
624	630
624	631
624	653
624	654
624	655
624	656
624	657
624	658
625	628
625	629
625	630
625	631
625	632
625	653
625	656
625	657
626	629
626	630
626	631
626	632
626	633
626	634
626	653
626	654
626	656
626	657
627	630
627	631
627	632
627	633
627	634
627	635
627	649
627	650
627	651
627	652
627	653
627	654
627	655
627	656
627	657
627	658
628	631
628	632
628	633
628	634
628	635
628	650
628	653
628	654
628	655
628	656
628	657
629	632
629	633
629	634
629	635
629	636
629	650
629	653
629	654
630	633
630	634
630	635
630	636
630	637
630	645
630	646
630	649
630	650
630	651
630	652
630	653
630	654
630	656
631	634
631	635
631	636
631	637
631	638
631	645
631	646
631	647
631	648
631	649
631	650
631	651
631	652
631	653
631	654
631	655
631	656
631	657
632	635
632	636
632	637
632	638
632	639
632	646
632	647
632	649
632	650
632	651
632	653
632	654
633	636
633	637
633	638
633	639
633	640
633	642
633	645
633	646
633	647
633	649
633	650
633	653
634	637
634	638
634	639
634	640
634	641
634	642
634	643
634	644
634	645
634	646
634	647
634	648
634	649
634	650
634	651
634	652
634	653
634	654
635	638
635	639
635	640
635	641
635	642
635	643
635	644
635	645
635	646
635	647
635	648
635	649
635	650
635	651
635	653
635	654
636	639
636	640
636	641
636	642
636	643
636	645
636	646
636	647
636	649
636	650
637	640
637	641
637	642
637	643
637	644
637	645
637	646
637	647
637	648
637	649
637	650
638	641
638	642
638	643
638	644
638	645
638	646
638	647
638	648
638	649
638	650
638	651
639	642
639	643
639	644
639	645
639	646
639	647
640	643
640	644
640	645
640	646
640	647
641	644
641	645
641	646
641	647
642	645
642	646
642	647
642	648
642	649
642	650
643	646
643	647
643	648
643	649
643	650
643	651
644	647
644	648
644	649
644	650
644	651
645	648
645	649
645	650
645	651
645	652
645	653
646	649
646	650
646	651
646	652
646	653
646	654
647	650
647	651
647	652
647	653
647	654
648	651
648	652
648	653
648	654
648	655
649	652
649	653
649	654
649	655
649	656
650	653
650	654
650	655
650	656
651	654
651	655
651	656
652	655
652	656
652	657
653	656
653	657
653	658
654	657
654	658
655	658
655	659
655	660
656	659
656	660
657	660
657	661
658	661
659	662
660	663
660	715
660	716
661	664
661	711
661	712
661	715
661	716
662	665
662	708
662	709
662	710
662	711
662	712
662	713
662	714
662	715
662	716
663	666
663	668
663	669
663	705
663	706
663	707
663	708
663	709
663	710
663	711
663	712
663	713
663	714
663	715
663	716
664	667
664	668
664	669
664	670
664	671
664	672
664	689
664	704
664	705
664	706
664	707
664	708
664	709
664	710
664	711
664	712
664	713
664	714
664	715
665	668
665	669
665	670
665	671
665	672
665	685
665	686
665	688
665	689
665	690
665	692
665	693
665	700
665	701
665	702
665	703
665	704
665	705
665	706
665	707
665	708
665	709
665	710
665	711
665	712
665	713
666	669
666	670
666	671
666	672
666	673
666	681
666	682
666	684
666	685
666	686
666	687
666	688
666	689
666	690
666	691
666	692
666	693
666	700
666	701
666	702
666	703
666	704
666	705
666	706
666	707
666	708
666	709
667	670
667	671
667	672
667	673
667	674
667	682
667	684
667	685
667	686
667	687
667	688
667	689
667	690
667	691
667	692
667	693
667	700
667	701
667	702
667	703
667	704
667	705
667	706
667	707
667	708
667	709
667	710
667	725
668	671
668	672
668	673
668	674
668	675
668	682
668	685
668	686
668	688
668	689
668	702
668	703
668	704
668	705
668	706
668	707
668	708
668	709
668	710
668	711
668	712
668	713
668	721
668	722
668	725
669	672
669	673
669	674
669	675
669	676
669	678
669	681
669	682
669	683
669	684
669	685
669	686
669	687
669	688
669	689
669	705
669	706
669	708
669	709
669	712
670	673
670	674
670	675
670	676
670	677
670	678
670	679
670	680
670	681
670	682
670	683
670	684
670	685
670	686
670	687
670	688
670	689
670	690
670	705
670	706
670	709
671	674
671	675
671	676
671	677
671	678
671	679
671	681
671	682
671	683
671	685
671	686
671	689
671	705
671	706
671	709
671	721
671	725
672	675
672	676
672	677
672	678
672	679
672	681
672	682
672	685
672	686
672	709
672	713
672	721
673	676
673	677
673	678
673	679
673	680
673	681
673	682
673	683
673	684
673	685
673	686
674	677
674	678
674	679
674	680
674	681
674	682
674	683
674	684
674	685
674	686
675	678
675	679
675	681
675	682
676	679
676	680
676	681
676	682
677	680
677	681
677	682
677	683
678	681
678	682
678	683
678	684
678	685
678	686
679	682
679	683
679	684
679	685
679	686
680	683
680	684
680	685
680	686
681	684
681	685
681	686
681	687
681	688
682	685
682	686
682	687
682	688
682	689
683	686
683	687
683	688
683	689
683	690
684	687
684	688
684	689
684	690
684	691
685	688
685	689
685	690
685	691
685	692
686	689
686	690
686	691
686	692
686	693
687	690
687	691
687	692
687	693
687	694
687	695
688	691
688	692
688	693
688	694
688	695
688	696
689	692
689	693
689	694
689	695
689	696
689	697
689	700
689	701
689	702
689	704
689	705
689	706
690	693
690	694
690	695
690	696
690	697
690	700
690	701
690	702
690	705
691	694
691	695
691	696
691	697
691	700
691	701
691	702
692	695
692	696
692	697
692	698
692	699
692	700
692	701
692	702
692	704
692	705
693	696
693	697
693	698
693	699
693	700
693	701
693	702
693	703
693	704
693	705
694	697
694	698
694	699
694	700
694	701
694	702
695	698
695	699
695	700
695	701
696	699
696	700
696	701
696	702
696	704
696	749
696	752
697	700
697	701
697	702
697	703
697	704
697	705
697	738
697	745
697	748
697	749
698	701
698	702
698	704
698	738
698	739
698	745
698	748
698	749
698	750
698	751
698	752
698	753
699	702
699	703
699	704
699	705
699	737
699	738
699	739
699	742
699	744
699	745
699	746
699	747
699	748
699	749
699	750
699	751
699	752
699	753
700	703
700	704
700	705
700	706
700	707
700	708
700	738
700	739
700	742
700	745
700	746
700	748
700	749
701	704
701	705
701	706
701	707
701	708
701	729
701	732
701	733
701	734
701	736
701	738
701	739
701	740
701	741
701	742
701	745
701	749
702	705
702	706
702	707
702	708
702	709
702	725
702	728
702	729
702	731
702	732
702	733
702	734
702	738
702	739
702	740
702	742
702	745
703	706
703	707
703	708
703	709
703	710
703	725
703	726
703	727
703	728
703	729
703	730
703	731
703	732
703	733
703	734
703	736
703	737
703	738
703	739
703	740
703	741
703	742
703	743
703	744
703	745
704	707
704	708
704	709
704	710
704	711
704	725
704	726
704	728
704	729
704	730
704	732
704	733
704	737
704	738
704	739
704	740
704	741
704	742
704	743
704	744
704	745
704	746
704	748
704	749
705	708
705	709
705	710
705	711
705	712
705	725
705	726
705	728
705	729
705	732
705	738
705	739
705	741
705	742
705	745
706	709
706	710
706	711
706	712
706	713
706	721
706	722
706	723
706	724
706	725
706	726
706	727
706	728
706	729
706	730
706	731
706	732
706	733
706	739
706	740
706	741
706	742
706	745
707	710
707	711
707	712
707	713
707	714
707	722
707	723
707	724
707	725
707	726
707	727
707	728
707	729
707	730
707	732
707	733
707	738
707	739
707	740
707	741
707	742
707	743
707	744
707	745
707	746
708	711
708	712
708	713
708	714
708	715
708	722
708	725
708	726
708	729
708	741
708	742
708	743
708	745
708	746
709	712
709	713
709	714
709	715
709	716
709	718
709	719
709	721
709	722
709	723
709	724
709	725
709	726
709	728
709	729
709	742
710	713
710	714
710	715
710	716
710	717
710	718
710	719
710	720
710	721
710	722
710	723
710	724
710	725
710	726
710	727
710	728
710	729
710	741
710	742
711	714
711	715
711	716
711	717
711	718
711	719
711	721
711	722
711	723
711	725
711	726
711	742
711	743
712	715
712	716
712	717
712	718
712	719
712	721
712	722
712	725
713	716
713	717
713	718
713	719
713	720
713	721
713	722
713	723
713	724
713	725
713	726
714	717
714	718
714	719
714	720
714	721
714	722
714	723
714	724
714	725
714	726
715	718
715	719
715	721
715	722
716	719
716	720
716	721
716	722
717	720
717	721
717	722
717	723
718	721
718	722
718	723
718	724
718	725
719	722
719	723
719	724
719	725
719	726
720	723
720	724
720	725
720	726
720	727
721	724
721	725
721	726
721	727
721	728
722	725
722	726
722	727
722	728
722	729
723	726
723	727
723	728
723	729
723	730
724	727
724	728
724	729
724	730
724	731
725	728
725	729
725	730
725	731
725	732
726	729
726	730
726	731
726	732
726	733
726	739
726	740
726	741
726	742
727	730
727	731
727	732
727	733
728	731
728	732
728	733
728	739
728	740
729	732
729	733
729	734
729	735
729	738
729	739
729	740
729	741
729	742
730	733
730	734
730	735
730	736
730	738
730	739
730	740
730	741
730	742
730	773
730	774
730	775
730	776
731	734
731	735
731	739
731	740
731	775
731	776
731	777
732	735
732	736
732	738
732	739
732	740
732	741
732	775
732	776
732	777
733	736
733	737
733	738
733	739
733	740
733	741
733	742
733	773
733	774
733	775
733	776
733	777
734	737
734	738
734	739
734	740
734	741
734	773
734	774
734	775
734	776
734	777
734	778
734	779
735	738
735	739
735	740
735	741
735	772
735	773
735	774
735	775
735	776
735	777
736	739
736	740
736	741
736	742
736	744
736	745
736	748
736	773
736	774
736	775
736	776
737	740
737	741
737	742
737	743
737	744
737	745
737	746
737	747
737	748
737	763
737	766
737	767
737	770
737	771
737	772
737	773
737	774
737	775
738	741
738	742
738	743
738	744
738	745
738	746
738	747
738	748
738	749
738	762
738	763
738	766
738	770
739	742
739	743
739	744
739	745
739	746
739	747
739	748
739	775
740	743
740	744
740	745
740	746
740	766
740	767
740	769
740	770
740	771
740	772
740	773
740	774
740	775
741	744
741	745
741	746
741	747
741	748
741	762
741	763
741	765
741	766
741	767
741	768
741	769
741	770
741	771
741	772
741	773
742	745
742	746
742	747
742	748
742	749
742	762
742	763
742	765
742	766
742	767
742	769
742	770
743	746
743	747
743	748
743	749
743	750
743	758
743	759
743	760
743	761
743	762
743	763
743	764
743	765
743	766
743	767
743	768
743	769
743	770
743	771
744	747
744	748
744	749
744	750
744	751
744	758
744	759
744	760
744	761
744	762
744	763
744	764
744	765
744	766
744	767
744	768
744	769
744	770
744	771
745	748
745	749
745	750
745	751
745	752
745	758
745	759
745	762
745	763
745	765
745	766
746	749
746	750
746	751
746	752
746	753
746	755
746	756
746	757
746	758
746	759
746	760
746	761
746	762
746	763
746	764
746	765
746	766
747	750
747	751
747	752
747	753
747	754
747	755
747	756
747	757
747	758
747	759
747	760
747	761
747	762
747	763
747	764
747	765
747	766
747	767
748	751
748	752
748	753
748	754
748	755
748	756
748	758
748	759
748	760
748	761
748	762
748	763
748	766
749	752
749	753
749	754
749	755
749	756
749	757
749	758
749	759
749	760
749	762
749	763
750	753
750	754
750	755
750	756
750	757
750	758
750	759
750	760
750	761
750	762
750	763
751	754
751	755
751	756
751	757
751	758
751	759
751	760
751	761
751	762
751	763
752	755
752	756
752	758
752	759
753	756
753	757
753	758
753	759
754	757
754	758
754	759
754	760
755	758
755	759
755	760
755	761
755	762
756	759
756	760
756	761
756	762
756	763
757	760
757	761
757	762
757	763
757	764
758	761
758	762
758	763
758	764
758	765
759	762
759	763
759	764
759	765
759	766
760	763
760	764
760	765
760	766
760	767
761	764
761	765
761	766
761	767
761	768
762	765
762	766
762	767
762	768
762	769
763	766
763	767
763	768
763	769
763	770
763	771
764	767
764	768
764	769
764	770
764	771
765	768
765	769
765	770
765	771
766	769
766	770
766	771
766	772
766	773
767	770
767	771
767	772
767	773
768	771
768	772
769	772
769	773
770	773
770	774
771	774
772	775
773	776
774	777
775	778
776	779
777	780
778	781
779	782
780	783
781	784
782	785
783	786
784	787
785	788
