1	4
2	5
3	6
4	7
5	8
6	9
7	10
8	11
9	12
10	13
11	14
12	15
13	16
14	17
15	18
16	19
17	20
18	21
19	22
20	23
21	24
22	25
23	26
24	27
25	28
26	29
27	30
28	31
29	32
30	33
31	34
32	35
32	38
33	36
33	37
33	38
33	39
34	37
34	38
34	39
34	40
35	38
35	39
35	40
35	41
35	42
35	43
35	44
36	39
36	40
36	41
36	42
36	43
36	44
36	45
37	40
37	41
37	42
37	43
37	44
37	45
38	41
38	42
38	43
38	44
39	42
39	43
39	44
39	45
40	43
40	44
40	45
40	46
41	44
42	45
43	46
44	47
45	48
46	49
47	50
48	51
49	52
50	53
51	54
52	55
53	56
54	57
55	58
56	59
57	60
58	61
59	62
60	63
61	64
62	65
63	66
64	67
65	68
65	70
65	71
66	69
66	70
66	71
66	72
66	73
66	74
66	79
67	70
67	71
67	72
67	73
67	74
67	76
67	79
67	80
67	83
67	127
67	128
68	71
68	72
68	73
68	74
68	75
68	76
68	77
68	78
68	79
68	80
68	81
68	82
68	83
68	84
68	86
68	87
68	88
68	124
68	125
68	126
68	127
68	128
69	72
69	73
69	74
69	75
69	76
69	77
69	79
69	80
69	83
69	84
69	124
69	125
69	126
69	127
69	128
69	129
69	130
70	73
70	74
70	75
70	76
70	77
70	79
70	80
70	125
70	127
70	128
70	129
71	74
71	75
71	76
71	77
71	78
71	79
71	80
71	81
71	82
71	83
71	84
71	125
71	128
72	75
72	76
72	77
72	78
72	79
72	80
72	81
72	82
72	83
72	84
72	124
72	125
72	126
72	127
72	128
72	129
73	76
73	77
73	79
73	80
73	125
73	126
73	127
73	128
73	129
73	130
74	77
74	78
74	79
74	80
74	125
74	128
74	129
75	78
75	79
75	80
75	81
75	125
75	128
76	79
76	80
76	81
76	82
76	83
76	125
77	80
77	81
77	82
77	83
77	84
77	124
77	125
78	81
78	82
78	83
78	84
78	85
79	82
79	83
79	84
79	85
79	86
80	83
80	84
80	85
80	86
80	87
80	88
80	123
80	124
80	125
80	128
81	84
81	85
81	86
81	87
81	88
81	123
81	124
81	125
82	85
82	86
82	87
82	88
82	222
83	86
83	87
83	88
83	89
83	124
83	125
83	220
83	221
83	222
83	223
84	87
84	88
84	89
84	90
84	123
84	124
84	125
84	219
84	220
84	221
84	222
85	88
85	89
85	90
85	124
85	218
85	219
85	220
85	221
85	222
85	223
86	89
86	217
86	218
86	219
86	220
86	221
86	222
86	223
86	224
86	225
87	90
87	124
87	185
87	186
87	187
87	216
87	217
87	218
87	219
87	220
87	221
87	222
87	223
87	224
87	225
88	91
88	123
88	124
88	125
88	127
88	184
88	185
88	186
88	187
88	188
88	216
88	217
88	219
88	220
88	221
88	222
88	223
89	92
89	122
89	123
89	124
89	125
89	127
89	152
89	153
89	180
89	181
89	183
89	184
89	185
89	186
89	187
89	188
89	189
89	190
89	216
89	217
89	219
89	220
89	221
90	93
90	118
90	119
90	121
90	122
90	123
90	124
90	125
90	126
90	127
90	149
90	152
90	180
90	181
90	182
90	183
90	184
90	185
90	186
90	187
90	188
90	219
90	220
91	94
91	118
91	119
91	121
91	122
91	123
91	124
91	126
91	145
91	148
91	149
91	152
91	179
91	180
91	181
91	182
91	183
91	184
91	185
91	186
91	187
91	188
92	95
92	98
92	117
92	118
92	119
92	120
92	121
92	122
92	123
92	124
92	143
92	145
92	148
92	180
92	181
92	182
92	183
92	184
92	185
93	96
93	97
93	98
93	99
93	117
93	118
93	119
93	120
93	121
93	122
93	123
93	141
93	142
93	143
93	144
93	145
93	148
93	149
93	183
93	184
94	97
94	98
94	99
94	100
94	101
94	102
94	117
94	118
94	119
94	120
94	121
94	122
94	123
94	139
94	140
94	141
94	142
94	143
94	183
95	98
95	99
95	100
95	101
95	102
95	117
95	118
95	119
95	120
95	121
95	122
95	139
95	140
95	141
95	142
95	143
96	99
96	100
96	101
96	102
96	103
96	117
96	118
96	121
96	139
96	140
96	141
96	142
97	100
97	101
97	102
97	103
97	104
97	117
97	118
97	120
97	121
97	139
97	140
97	141
97	142
98	101
98	102
98	103
98	104
98	105
98	106
98	113
98	114
98	115
98	116
98	117
98	118
98	119
98	120
98	121
98	122
98	139
98	140
98	141
98	142
99	102
99	103
99	104
99	105
99	106
99	114
99	115
99	117
99	118
99	121
100	103
100	104
100	105
100	106
100	107
100	114
100	117
100	118
101	104
101	105
101	106
101	107
101	108
101	109
101	110
101	111
101	113
101	114
101	115
101	116
101	117
101	118
101	121
102	105
102	106
102	107
102	108
102	109
102	110
102	111
102	112
102	113
102	114
102	115
102	116
102	117
102	118
102	119
102	121
103	106
103	107
103	108
103	109
103	110
103	111
103	113
103	114
103	117
103	118
104	107
104	108
104	109
104	110
104	111
104	113
104	114
104	117
105	108
105	109
105	110
105	111
105	112
105	113
105	114
105	115
105	116
105	117
105	118
106	109
106	110
106	111
106	112
106	113
106	114
106	115
106	117
107	110
107	111
107	113
107	114
108	111
108	112
108	113
108	114
109	112
109	113
109	114
109	115
110	113
110	114
110	115
110	116
110	117
111	114
111	115
111	116
111	117
111	118
112	115
112	116
112	117
112	118
112	119
113	116
113	117
113	118
113	119
113	120
114	117
114	118
114	119
114	120
114	121
115	118
115	119
115	120
115	121
115	122
115	123
116	119
116	120
116	121
116	122
116	123
116	138
116	139
117	120
117	121
117	122
117	123
117	138
117	139
118	121
118	122
118	123
118	124
118	139
119	122
119	123
119	124
119	125
119	126
119	133
119	138
119	139
120	123
120	124
120	125
120	126
120	133
120	134
120	136
120	137
120	138
120	139
120	140
120	141
120	142
121	124
121	125
121	126
121	133
121	134
121	136
121	138
121	139
121	140
121	141
121	142
121	143
121	144
121	145
122	125
122	126
122	127
122	130
122	133
122	134
122	139
122	141
122	142
122	143
122	144
122	145
122	148
122	149
122	183
123	126
123	127
123	128
123	129
123	130
123	133
123	145
124	127
124	128
124	129
124	130
124	133
124	145
124	149
125	128
125	129
125	130
125	131
125	132
125	133
126	129
126	130
126	131
126	132
126	133
126	134
126	135
126	136
126	144
126	145
126	146
126	149
127	130
127	131
127	132
127	133
127	134
127	144
127	145
127	146
127	148
127	149
127	150
127	153
128	131
128	132
128	133
128	145
128	146
128	149
129	132
129	133
129	134
129	135
129	136
129	145
129	146
130	133
130	134
130	135
130	136
130	143
130	144
130	145
130	146
130	147
130	148
130	149
130	150
131	134
131	135
131	136
131	141
131	143
131	144
131	145
131	146
131	147
131	148
131	149
132	135
132	136
132	137
132	138
132	139
132	141
132	144
132	145
132	146
133	136
133	137
133	138
133	139
133	140
133	141
133	142
133	143
133	144
133	145
133	146
134	137
134	138
134	139
134	140
134	141
134	142
134	143
134	144
134	145
134	146
134	147
134	148
134	149
135	138
135	139
135	140
135	141
135	142
135	143
135	144
135	145
135	146
136	139
136	140
136	141
136	142
136	143
136	144
136	145
137	140
137	141
138	141
139	142
139	143
139	144
140	143
140	144
141	144
141	145
142	145
142	147
142	148
143	146
143	147
143	148
143	149
144	147
144	148
144	149
144	150
144	151
145	148
145	149
145	150
145	151
145	152
145	153
146	149
146	150
146	151
146	152
146	153
146	154
147	150
147	151
147	152
147	153
147	154
148	151
148	152
148	153
148	154
148	155
149	152
149	153
149	154
149	155
149	156
150	153
150	154
150	155
150	156
150	157
151	154
151	155
151	156
151	157
151	158
151	159
152	155
152	156
152	157
152	158
152	159
152	180
152	185
152	188
153	156
153	157
153	158
153	159
153	160
153	185
153	188
154	157
154	158
154	159
154	160
155	158
155	159
155	160
155	161
155	188
156	159
156	160
156	161
156	162
156	165
156	185
156	187
156	188
156	191
156	192
157	160
157	161
157	162
157	163
157	164
157	165
157	188
158	161
158	162
158	163
158	164
158	165
158	166
158	188
158	191
158	192
159	162
159	163
159	164
159	165
159	166
159	167
159	176
159	177
159	180
159	185
159	187
159	188
159	189
159	190
159	191
159	192
159	193
159	195
160	163
160	164
160	165
160	166
160	187
160	188
160	189
160	190
160	191
160	192
160	193
160	194
160	195
160	227
161	164
161	165
161	166
161	167
161	188
161	191
161	192
161	195
162	165
162	166
162	167
162	191
162	192
162	194
162	195
162	196
163	166
163	167
163	168
163	195
163	785
163	786
164	167
164	168
164	192
164	195
164	785
164	786
164	787
164	788
165	168
165	169
165	173
165	188
165	189
165	191
165	192
165	193
165	194
165	195
165	196
165	198
165	199
165	785
165	786
165	787
165	788
166	169
166	170
166	173
166	191
166	192
166	193
166	194
166	195
166	196
166	197
166	198
166	199
166	200
166	785
166	786
166	787
166	788
167	170
167	172
167	173
167	192
167	195
167	196
167	198
167	199
167	200
167	784
167	785
167	786
167	787
167	788
168	171
168	172
168	173
168	174
168	175
168	176
168	177
168	192
168	193
168	195
168	196
168	197
168	198
168	199
168	200
168	785
168	786
168	787
168	788
169	172
169	173
169	174
169	175
169	176
169	192
169	195
169	196
169	199
169	200
169	203
169	204
169	205
169	786
169	787
169	788
170	173
170	174
170	175
170	176
170	177
170	192
170	193
170	195
170	196
170	197
170	198
170	199
170	200
170	201
170	202
170	203
170	204
170	205
170	206
170	207
170	208
170	209
170	787
170	788
171	174
171	175
171	176
171	177
171	178
171	196
171	200
171	203
171	204
171	205
171	206
171	208
171	209
171	787
171	788
172	175
172	176
172	177
172	178
172	179
172	192
172	196
172	204
172	205
172	209
172	787
172	788
173	176
173	177
173	178
173	179
173	180
173	181
173	188
173	189
173	191
173	192
173	193
173	194
173	195
173	196
173	197
173	199
173	200
173	203
173	204
173	205
173	206
173	208
173	209
173	212
173	787
173	788
174	177
174	178
174	179
174	180
174	181
174	189
174	192
174	193
174	194
174	195
174	196
174	197
174	200
174	203
174	204
174	205
174	206
174	207
174	208
174	209
174	210
174	211
174	212
174	213
174	788
175	178
175	179
175	180
175	181
175	182
175	189
175	192
175	193
175	196
175	204
175	205
175	208
175	209
175	212
175	788
176	179
176	180
176	181
176	182
176	183
176	185
176	188
176	189
176	191
176	192
176	193
176	196
176	205
176	208
176	209
176	212
176	788
177	180
177	181
177	182
177	183
177	184
177	185
177	186
177	187
177	188
177	189
177	190
177	191
177	192
177	193
177	194
177	195
177	196
177	197
177	205
177	208
177	209
177	210
177	211
177	212
177	213
177	215
177	216
178	181
178	182
178	183
178	184
178	185
178	186
178	188
178	189
178	190
178	192
178	193
178	205
178	208
178	209
178	210
178	211
178	212
178	213
178	215
178	216
179	182
179	183
179	184
179	185
179	186
179	188
179	189
179	192
179	212
180	183
180	184
180	185
180	186
180	187
180	188
180	189
180	190
180	191
180	192
180	193
180	212
180	213
180	216
181	184
181	185
181	186
181	187
181	188
181	189
181	190
181	191
181	192
181	193
181	208
181	209
181	211
181	212
181	213
181	214
181	215
181	216
181	217
181	219
181	220
182	185
182	186
182	188
182	189
182	212
182	215
182	216
183	186
183	187
183	188
183	189
183	216
184	187
184	188
184	189
184	190
184	212
184	215
184	216
184	217
184	219
184	220
185	188
185	189
185	190
185	191
185	192
185	193
185	212
185	213
185	215
185	216
185	217
185	219
185	220
186	189
186	190
186	191
186	192
186	193
186	194
186	212
186	213
186	214
186	215
186	216
186	217
186	218
186	219
186	220
186	221
187	190
187	191
187	192
187	193
187	194
187	212
187	213
187	214
187	215
187	216
187	217
187	218
187	219
187	220
187	221
187	225
187	226
187	227
188	191
188	192
188	193
188	194
188	195
188	196
188	212
188	213
188	216
188	217
188	220
189	192
189	193
189	194
189	195
189	196
189	197
189	208
189	209
189	210
189	211
189	212
189	213
189	214
189	215
189	216
189	217
189	218
189	219
189	220
190	193
190	194
190	195
190	196
190	197
190	209
190	210
190	211
190	212
190	213
190	214
190	215
190	216
190	217
190	218
190	219
190	220
190	221
190	225
190	226
190	227
190	267
191	194
191	195
191	196
191	197
191	198
191	209
191	210
191	212
191	213
191	214
191	216
191	217
191	225
191	226
191	227
192	195
192	196
192	197
192	198
192	199
192	200
192	208
192	209
192	210
192	211
192	212
192	213
192	214
192	216
192	217
193	196
193	197
193	198
193	199
193	200
193	201
193	205
193	206
193	207
193	208
193	209
193	210
193	211
193	212
193	213
193	214
193	215
193	216
193	217
193	267
193	268
194	197
194	198
194	199
194	200
194	201
194	206
194	207
194	208
194	209
194	210
194	211
194	212
194	213
194	214
194	215
194	216
194	217
194	227
194	228
194	266
194	267
194	268
195	198
195	199
195	200
195	201
195	206
195	209
195	210
195	212
195	213
195	227
195	268
196	199
196	200
196	201
196	202
196	203
196	204
196	205
196	206
196	207
196	208
196	209
196	210
196	211
196	212
196	213
196	268
197	200
197	201
197	202
197	203
197	204
197	205
197	206
197	207
197	208
197	209
197	210
197	211
197	212
197	213
197	214
197	265
197	266
197	267
197	268
197	269
197	270
197	303
197	304
197	305
198	201
198	202
198	203
198	205
198	206
198	207
198	209
198	210
198	213
198	265
198	266
198	267
198	268
198	302
198	303
198	304
198	305
199	202
199	203
199	205
199	206
199	209
199	210
199	303
199	304
199	305
199	787
200	203
200	204
200	205
200	206
200	207
200	208
200	209
200	210
200	303
200	304
200	305
200	306
201	204
201	205
201	206
201	207
201	208
201	209
201	210
201	268
201	300
201	301
201	302
201	303
201	304
201	305
201	306
201	307
202	205
202	206
202	207
202	208
202	209
202	210
202	300
202	301
202	302
202	303
202	304
202	305
202	306
202	307
203	206
203	207
203	208
203	209
203	210
203	303
203	304
203	305
203	306
204	207
204	208
204	209
204	210
204	304
204	305
205	208
205	209
205	210
205	211
205	212
205	304
206	209
206	210
206	211
206	212
206	213
206	268
206	270
206	303
206	304
206	305
207	210
207	211
207	212
207	213
207	214
207	268
207	269
207	270
207	271
207	304
208	211
208	212
208	213
208	214
208	215
208	216
208	268
208	269
208	270
209	212
209	213
209	214
209	215
209	216
209	267
209	268
209	269
209	270
209	304
210	213
210	214
210	215
210	216
210	217
210	264
210	265
210	266
210	267
210	268
210	269
210	270
210	271
210	304
211	214
211	215
211	216
211	217
211	218
211	267
211	268
211	269
211	270
211	271
212	215
212	216
212	217
212	218
212	219
212	220
212	268
212	269
213	216
213	217
213	218
213	219
213	220
213	221
213	267
213	268
213	269
214	217
214	218
214	219
214	220
214	221
214	225
214	234
214	264
214	266
214	267
214	268
214	269
214	270
214	271
215	218
215	219
215	220
215	221
215	267
215	268
215	269
216	219
216	220
216	221
216	222
216	225
217	220
217	221
217	222
217	223
217	224
217	225
217	226
217	227
217	234
217	267
217	269
218	221
218	222
218	223
218	224
218	225
218	234
218	267
218	269
219	222
219	223
220	223
220	224
220	225
221	224
221	225
221	226
221	227
221	234
222	225
222	234
222	235
223	226
223	227
223	228
223	229
223	232
223	233
223	234
223	235
224	227
224	228
224	229
224	230
224	231
224	232
224	233
224	234
224	235
224	236
225	228
225	229
225	230
225	231
225	232
225	233
225	234
225	235
225	267
226	229
226	230
226	231
226	232
226	233
227	230
227	231
227	232
227	233
227	234
227	266
227	267
228	231
228	232
228	233
228	234
228	235
228	236
228	263
228	266
228	267
229	232
229	233
229	234
229	235
230	233
230	234
231	234
231	235
231	236
231	237
231	262
231	263
231	266
231	267
232	235
232	236
232	237
232	238
232	239
232	263
232	264
232	266
232	267
233	236
233	237
233	238
233	239
233	240
233	259
233	260
233	261
233	262
233	263
233	264
233	265
233	266
233	267
233	268
233	269
234	237
234	238
234	239
234	240
234	241
234	259
234	260
234	262
234	263
234	264
234	265
234	266
234	267
234	268
234	269
235	238
235	239
235	240
235	241
235	242
235	259
235	260
235	263
235	264
235	267
236	239
236	240
236	241
236	242
236	243
236	244
236	256
236	257
236	258
236	259
236	260
236	261
236	262
236	263
236	264
236	266
236	267
237	240
237	241
237	242
237	243
237	244
237	256
237	257
237	258
237	259
237	260
237	261
237	262
237	263
237	264
237	265
237	266
237	267
237	269
237	272
237	273
237	276
238	241
238	242
238	243
238	244
238	245
238	256
238	257
238	259
238	260
238	263
238	264
239	242
239	243
239	244
239	245
239	246
239	256
239	257
239	259
239	260
239	263
240	243
240	244
240	245
240	246
240	247
240	248
240	252
240	253
240	254
240	255
240	256
240	257
240	258
240	259
240	260
240	261
240	262
240	263
240	264
240	276
241	244
241	245
241	246
241	247
241	248
241	253
241	255
241	256
241	257
241	258
241	259
241	260
241	261
241	263
241	264
241	272
241	276
241	279
242	245
242	246
242	247
242	248
242	253
242	256
242	257
242	260
243	246
243	247
243	248
243	249
243	250
243	251
243	252
243	253
243	254
243	255
243	256
243	257
243	258
243	259
243	260
244	247
244	248
244	249
244	250
244	251
244	252
244	253
244	254
244	255
244	256
244	257
244	258
244	259
244	260
244	276
244	279
244	280
244	283
244	284
245	248
245	249
245	250
245	252
245	253
245	254
245	256
245	257
245	279
245	280
245	283
246	249
246	250
246	251
246	252
246	253
246	254
246	256
247	250
247	251
247	252
247	253
247	254
247	255
247	256
247	257
247	280
247	283
247	284
247	683
248	251
248	252
248	253
248	254
248	255
248	256
248	257
248	279
248	280
248	282
248	283
248	284
248	287
249	252
249	253
249	254
249	280
249	283
249	284
249	287
250	253
250	254
250	255
250	256
250	283
250	284
250	287
250	288
250	680
250	683
251	254
251	255
251	256
251	257
251	280
251	283
251	284
251	286
251	287
251	288
251	289
251	290
251	679
251	680
251	681
251	682
251	683
251	684
252	255
252	256
252	257
252	258
252	259
252	280
252	284
252	287
252	288
252	289
252	290
252	679
252	680
252	681
252	682
252	683
252	684
252	685
252	686
252	687
253	256
253	257
253	258
253	259
253	260
253	276
253	277
253	279
253	280
253	281
253	282
253	283
253	284
253	285
253	286
253	287
253	288
253	289
253	290
253	293
253	683
253	684
254	257
254	258
254	259
254	260
254	261
254	276
254	277
254	278
254	279
254	280
254	281
254	282
254	283
254	284
254	285
254	286
254	287
254	288
254	289
254	290
254	291
254	292
254	293
254	294
254	296
254	680
254	683
254	684
255	258
255	259
255	260
255	261
255	262
255	276
255	277
255	280
255	284
255	287
255	288
255	289
255	290
255	291
255	292
255	293
255	296
255	325
255	680
255	681
255	683
255	684
255	685
255	687
256	259
256	260
256	261
256	262
256	263
256	276
256	277
256	279
256	280
256	289
256	290
256	292
256	293
256	683
256	684
257	260
257	261
257	262
257	263
257	264
257	265
257	272
257	273
257	274
257	275
257	276
257	277
257	278
257	279
257	280
257	281
257	282
257	283
257	284
257	287
257	289
257	290
257	291
257	292
257	293
257	294
257	296
257	297
258	261
258	262
258	263
258	264
258	265
258	273
258	274
258	275
258	276
258	277
258	278
258	279
258	280
258	281
258	287
258	289
258	290
258	291
258	292
258	293
258	294
258	295
258	296
258	297
258	325
258	326
258	684
259	262
259	263
259	264
259	265
259	266
259	273
259	276
259	277
259	280
259	292
259	293
259	296
259	297
259	684
260	263
260	264
260	265
260	266
260	267
260	268
260	269
260	270
260	272
260	273
260	274
260	275
260	276
260	277
260	279
260	280
260	292
260	293
260	296
260	297
261	264
261	265
261	266
261	267
261	268
261	269
261	270
261	271
261	272
261	273
261	274
261	275
261	276
261	277
261	278
261	279
261	280
261	292
261	293
261	294
261	295
261	296
261	297
261	298
261	299
261	300
261	301
262	265
262	266
262	267
262	268
262	269
262	270
262	272
262	273
262	274
262	276
262	277
262	292
262	293
262	294
262	295
262	296
262	297
262	298
262	299
262	300
262	303
262	326
263	266
263	267
263	268
263	269
263	270
263	272
263	273
263	276
263	296
263	297
263	299
263	300
264	267
264	268
264	269
264	270
264	271
264	272
264	273
264	274
264	275
264	276
264	277
264	296
264	297
264	299
264	300
265	268
265	269
265	270
265	271
265	272
265	273
265	274
265	275
265	276
265	277
265	293
265	296
265	297
265	298
265	299
265	300
265	301
265	302
265	303
265	304
266	269
266	270
266	272
266	273
266	296
266	297
266	299
266	300
266	303
266	304
267	270
267	271
267	272
267	273
267	300
267	303
268	271
268	272
268	273
268	274
268	299
268	300
268	301
268	303
268	304
269	272
269	273
269	274
269	275
269	276
269	300
269	303
269	304
270	273
270	274
270	275
270	276
270	277
270	297
270	299
270	300
270	301
270	303
270	304
271	274
271	275
271	276
271	277
271	278
271	300
272	275
272	276
272	277
272	278
272	279
272	297
272	300
273	276
273	277
273	278
273	279
273	280
273	293
273	294
273	296
273	297
273	298
273	299
273	300
273	301
274	277
274	278
274	279
274	280
274	281
274	293
274	294
274	296
274	297
274	298
274	299
274	300
274	301
275	278
275	279
275	280
275	281
275	282
275	293
275	297
276	279
276	280
276	281
276	282
276	283
276	284
276	290
276	293
276	294
276	296
276	297
276	300
277	280
277	281
277	282
277	283
277	284
277	285
277	290
277	291
277	292
277	293
277	294
277	295
277	296
277	297
277	298
277	300
278	281
278	282
278	283
278	284
278	285
278	290
278	293
278	294
278	297
279	282
279	283
279	284
279	285
279	287
279	290
279	293
279	294
280	283
280	284
280	285
280	286
280	287
280	288
280	289
280	290
280	291
280	292
280	293
280	294
280	297
281	284
281	285
281	286
281	287
281	288
281	289
281	290
281	291
281	292
281	293
281	294
282	285
282	286
282	287
282	290
283	286
283	287
283	290
284	287
284	288
284	289
284	290
284	291
284	293
285	288
285	289
285	290
285	291
285	293
285	294
286	289
286	290
286	291
286	292
286	293
287	290
287	291
287	292
287	293
287	294
287	680
288	291
288	292
288	293
288	321
288	324
288	325
288	679
288	680
288	681
288	683
288	684
289	292
289	293
289	294
289	295
289	296
289	317
289	321
289	323
289	324
289	325
289	326
289	327
289	680
289	681
289	683
289	684
290	293
290	294
290	295
290	296
290	297
290	317
290	321
290	324
290	325
290	326
291	294
291	295
291	296
291	297
291	298
291	313
291	314
291	315
291	316
291	317
291	318
291	319
291	320
291	321
291	322
291	323
291	324
291	325
291	326
291	327
291	330
292	295
292	296
292	297
292	298
292	299
292	313
292	314
292	317
292	318
292	321
292	322
292	323
292	324
292	325
292	326
292	327
292	328
292	329
292	330
292	359
293	296
293	297
293	298
293	299
293	300
293	313
293	314
293	317
293	324
293	325
293	326
293	327
294	297
294	298
294	299
294	300
294	301
294	309
294	310
294	311
294	312
294	313
294	314
294	315
294	316
294	317
294	318
294	321
294	324
294	325
294	326
294	327
294	329
294	330
295	298
295	299
295	300
295	301
295	302
295	309
295	310
295	311
295	312
295	313
295	314
295	315
295	316
295	317
295	318
295	319
295	321
295	322
295	324
295	325
295	326
295	327
295	328
295	329
295	330
295	331
295	332
295	333
296	299
296	300
296	301
296	302
296	303
296	310
296	311
296	313
296	314
296	317
296	325
296	326
296	327
296	328
296	329
296	330
297	300
297	301
297	302
297	303
297	304
297	306
297	309
297	310
297	311
297	312
297	313
297	314
297	317
297	326
297	329
297	330
298	301
298	302
298	303
298	304
298	305
298	306
298	307
298	308
298	309
298	310
298	311
298	312
298	313
298	314
298	315
298	316
298	317
298	318
298	326
298	327
298	329
298	330
298	331
298	333
298	334
299	302
299	303
299	304
299	305
299	306
299	307
299	308
299	309
299	310
299	311
299	312
299	313
299	314
299	326
299	329
299	330
299	332
299	333
300	303
300	304
300	305
300	306
300	307
300	309
300	310
300	311
300	313
300	314
301	304
301	305
301	306
301	307
301	308
301	309
301	310
301	311
301	312
301	313
301	314
302	305
302	306
302	307
302	308
302	309
302	310
302	311
302	312
302	313
302	314
302	329
302	330
302	333
303	306
303	307
303	308
303	309
303	310
303	311
304	307
304	308
304	309
304	310
305	308
305	309
305	310
305	311
306	309
306	310
306	311
306	312
306	313
307	310
307	311
307	312
307	313
307	314
307	315
307	333
307	334
307	337
308	311
308	312
308	313
308	314
308	315
308	333
308	334
308	337
309	312
309	313
309	314
309	315
309	316
310	313
310	314
310	315
310	316
310	317
310	329
310	330
310	333
310	334
311	314
311	315
311	316
311	317
311	318
311	319
311	329
311	330
311	331
311	332
311	333
311	334
311	335
311	336
311	337
311	338
312	315
312	316
312	317
312	318
312	319
312	330
312	333
312	334
313	316
313	317
313	318
313	319
313	320
313	327
313	329
313	330
313	331
313	333
313	334
314	317
314	318
314	319
314	320
314	321
314	322
314	326
314	327
314	328
314	329
314	330
314	331
314	332
314	333
314	334
314	335
314	350
315	318
315	319
315	320
315	321
315	322
315	326
315	327
315	328
315	329
315	330
315	331
315	332
315	333
315	334
315	335
315	337
315	338
315	350
316	319
316	320
316	321
316	322
316	327
316	330
316	331
316	334
317	320
317	321
317	322
317	323
317	324
317	325
317	326
317	327
317	328
317	329
317	330
317	331
317	334
318	321
318	322
318	323
318	324
318	325
318	326
318	327
318	328
318	329
318	330
318	331
318	332
318	333
318	334
318	335
318	349
318	350
318	353
318	354
318	357
319	322
319	323
319	324
319	327
319	328
319	330
319	331
319	334
319	349
319	350
319	353
320	323
320	324
320	327
320	330
321	324
321	325
321	326
321	327
321	328
321	330
321	331
321	350
321	353
321	357
322	325
322	326
322	327
322	328
322	329
322	330
322	331
322	349
322	350
322	351
322	352
322	353
322	354
322	355
322	356
322	357
322	358
323	326
323	327
323	328
323	329
323	330
323	331
323	349
323	350
323	351
323	352
323	353
323	354
323	355
323	356
323	357
323	358
323	359
324	327
324	328
324	329
324	330
324	331
324	353
324	354
324	355
324	356
324	357
324	358
324	359
324	680
324	681
325	328
325	329
325	330
325	331
325	353
325	354
325	355
325	356
325	357
325	358
325	359
325	360
325	361
325	362
325	681
325	684
325	685
326	329
326	330
326	331
326	332
326	333
326	353
326	354
326	355
326	356
326	357
326	358
326	359
326	360
326	361
326	362
327	330
327	331
327	332
327	333
327	334
327	335
327	349
327	350
327	351
327	352
327	353
327	354
327	355
327	356
327	357
327	358
327	359
328	331
328	332
328	333
328	334
328	335
328	336
328	349
328	350
328	351
328	352
328	353
328	354
328	355
328	356
328	357
328	358
328	359
328	360
328	361
328	362
328	364
328	365
328	368
328	369
329	332
329	333
329	334
329	335
329	336
329	350
329	351
329	353
329	354
329	355
329	356
329	357
329	358
329	359
329	360
329	361
329	362
329	364
329	365
329	368
330	333
330	334
330	335
330	336
330	337
330	347
330	349
330	350
330	351
330	353
330	354
330	357
330	358
330	359
331	334
331	335
331	336
331	337
331	338
331	339
331	346
331	347
331	348
331	349
331	350
331	351
331	352
331	353
331	354
331	355
331	356
331	357
331	358
331	359
331	368
331	372
332	335
332	336
332	337
332	338
332	339
332	346
332	347
332	348
332	349
332	350
332	351
332	352
332	353
332	354
332	355
332	357
332	358
332	359
332	362
332	364
332	365
332	367
332	368
332	369
332	371
332	372
333	336
333	337
333	338
333	339
333	340
333	347
333	350
333	351
333	354
333	368
334	337
334	338
334	339
334	340
334	341
334	343
334	344
334	346
334	347
334	348
334	349
334	350
334	351
334	353
334	354
335	338
335	339
335	340
335	341
335	342
335	343
335	344
335	345
335	346
335	347
335	348
335	349
335	350
335	351
335	352
335	353
335	354
335	368
335	371
335	372
335	375
336	339
336	340
336	341
336	342
336	343
336	344
336	346
336	347
336	348
336	349
336	350
336	351
336	354
336	368
336	371
336	372
337	340
337	341
337	342
337	343
337	344
337	346
337	347
337	350
337	351
338	341
338	342
338	343
338	344
338	345
338	346
338	347
338	348
338	349
338	350
338	351
339	342
339	343
339	344
339	345
339	346
339	347
339	348
339	349
339	350
339	351
339	371
339	372
339	375
340	343
340	344
340	345
340	346
340	347
341	344
341	345
341	346
341	347
342	345
342	346
342	347
342	348
342	375
342	378
343	346
343	347
343	348
343	349
343	350
343	375
343	378
343	379
344	347
344	348
344	349
344	350
344	351
344	352
344	371
344	372
344	373
344	374
344	375
344	376
344	377
344	378
344	379
345	348
345	349
345	350
345	351
345	352
345	372
345	374
345	375
345	376
345	377
345	378
345	379
345	381
346	349
346	350
346	351
346	352
346	353
346	372
346	375
346	376
347	350
347	351
347	352
347	353
347	354
347	368
347	369
347	371
347	372
347	373
347	374
347	375
347	376
348	351
348	352
348	353
348	354
348	355
348	368
348	369
348	370
348	371
348	372
348	373
348	374
348	375
348	376
348	377
348	378
348	379
348	381
348	384
348	385
348	388
349	352
349	353
349	354
349	355
349	356
349	369
349	371
349	372
349	373
349	375
349	376
350	353
350	354
350	355
350	356
350	357
350	358
350	368
350	369
350	371
350	372
350	375
351	354
351	355
351	356
351	357
351	358
351	364
351	365
351	366
351	367
351	368
351	369
351	370
351	371
351	372
351	373
351	374
351	375
351	376
351	388
352	355
352	356
352	357
352	358
352	365
352	368
352	369
352	370
352	371
352	372
352	373
352	375
352	376
352	384
352	385
352	387
352	388
353	356
353	357
353	358
353	359
353	365
353	368
353	369
353	372
354	357
354	358
354	359
354	360
354	362
354	363
354	364
354	365
354	366
354	367
354	368
354	369
354	370
354	371
354	372
355	358
355	359
355	360
355	362
355	363
355	364
355	365
355	366
355	367
355	368
355	369
355	370
355	371
355	372
355	373
355	388
355	389
355	391
355	392
356	359
356	360
356	365
356	368
356	369
356	372
356	388
356	391
357	360
357	361
357	362
357	365
357	368
357	369
357	691
358	361
358	362
358	363
358	364
358	365
358	366
358	367
358	368
358	369
358	690
358	691
358	692
359	362
359	363
359	364
359	365
359	689
359	690
359	691
359	692
360	363
360	364
360	365
360	668
360	669
360	685
360	688
360	689
360	690
360	691
360	692
361	364
361	365
361	689
361	690
361	691
361	692
362	365
362	366
362	367
362	368
362	369
362	690
362	691
362	692
363	366
363	367
363	368
363	369
363	395
363	396
363	400
363	401
364	367
364	368
364	369
364	370
364	371
364	392
364	400
364	401
364	402
365	368
365	369
365	370
365	371
365	372
365	388
365	389
365	391
365	392
365	393
365	395
365	396
365	400
365	401
365	402
365	692
366	369
366	370
366	371
366	372
366	373
366	388
366	389
366	390
366	391
366	392
366	393
366	394
366	395
366	396
366	397
366	400
366	401
366	402
366	403
366	405
366	406
367	370
367	371
367	372
367	373
367	374
367	388
367	389
367	392
367	393
367	396
367	400
367	401
367	402
367	403
367	405
367	406
368	371
368	372
368	373
368	374
368	375
368	388
368	389
368	392
368	402
368	406
369	372
369	373
369	374
369	375
369	376
369	384
369	385
369	386
369	387
369	388
369	389
369	390
369	391
369	392
369	393
369	395
369	396
369	402
369	405
369	406
370	373
370	374
370	375
370	376
370	377
370	384
370	385
370	386
370	387
370	388
370	389
370	390
370	391
370	392
370	393
370	402
370	403
370	404
370	405
370	406
370	407
370	408
370	409
370	410
371	374
371	375
371	376
371	377
371	378
371	385
371	388
371	389
371	392
371	402
371	405
371	406
371	409
372	375
372	376
372	377
372	378
372	379
372	381
372	382
372	384
372	385
372	386
372	387
372	388
372	389
372	392
372	406
373	376
373	377
373	378
373	379
373	380
373	381
373	382
373	383
373	384
373	385
373	386
373	387
373	388
373	389
373	390
373	391
373	392
373	393
373	405
373	406
373	409
373	410
373	413
373	414
374	377
374	378
374	379
374	380
374	381
374	382
374	383
374	384
374	385
374	386
374	387
374	388
374	389
374	405
374	406
374	409
374	410
374	413
375	378
375	379
375	380
375	381
375	382
375	384
375	385
375	386
375	388
375	389
376	379
376	380
376	381
376	382
376	383
376	384
376	385
376	386
376	387
376	388
376	389
376	413
376	417
377	380
377	381
377	382
377	383
377	384
377	385
377	386
377	387
377	388
377	389
377	409
377	410
377	412
377	413
377	414
377	416
377	417
378	381
378	382
378	384
378	385
378	413
379	382
379	383
379	384
379	385
380	383
380	384
380	385
380	386
380	413
380	414
380	416
380	417
381	384
381	385
381	386
381	387
381	388
381	413
381	414
381	416
381	417
381	418
382	385
382	386
382	387
382	388
382	389
382	390
382	409
382	410
382	411
382	412
382	413
382	414
382	415
382	416
382	417
382	418
382	419
382	423
383	386
383	387
383	388
383	389
383	390
383	410
383	411
383	412
383	413
383	414
383	415
383	416
383	417
383	418
383	419
383	420
383	422
383	423
384	387
384	388
384	389
384	390
384	391
384	410
384	413
384	414
384	416
384	417
384	419
385	388
385	389
385	390
385	391
385	392
385	406
385	409
385	410
385	411
385	412
385	413
385	414
385	415
385	416
385	417
385	419
386	389
386	390
386	391
386	392
386	393
386	406
386	407
386	408
386	409
386	410
386	411
386	412
386	413
386	414
386	415
386	416
386	417
386	418
386	419
386	420
386	422
386	423
386	426
387	390
387	391
387	392
387	393
387	394
387	406
387	409
387	410
387	411
387	413
387	414
387	417
387	419
387	422
387	423
387	696
387	697
388	391
388	392
388	393
388	394
388	395
388	406
388	407
388	409
388	410
388	413
388	414
389	392
389	393
389	394
389	395
389	396
389	402
389	403
389	404
389	405
389	406
389	407
389	408
389	409
389	410
389	411
389	412
389	413
389	414
389	423
389	426
389	696
390	393
390	394
390	395
390	396
390	403
390	405
390	406
390	407
390	408
390	409
390	410
390	411
390	412
390	413
390	414
390	422
390	423
390	425
390	426
390	694
390	695
390	696
390	697
390	698
391	394
391	395
391	396
391	403
391	406
391	407
391	410
391	692
391	693
391	694
391	695
391	696
391	697
392	395
392	396
392	397
392	398
392	400
392	401
392	402
392	403
392	404
392	405
392	406
392	407
392	409
392	410
392	692
392	693
392	694
392	695
392	696
393	396
393	397
393	398
393	399
393	400
393	401
393	402
393	403
393	404
393	405
393	406
393	407
393	408
393	409
393	410
393	411
393	426
393	429
393	430
393	693
393	694
393	695
393	696
393	697
394	397
394	398
394	400
394	403
394	406
394	407
394	410
394	426
394	692
394	693
394	694
394	695
394	696
394	697
395	398
395	399
395	400
395	402
395	403
395	406
395	407
395	691
395	692
395	693
395	694
395	695
395	696
396	399
396	400
396	401
396	402
396	403
396	404
396	405
396	406
396	407
396	692
396	693
396	694
396	695
396	696
397	400
397	401
397	402
397	403
397	404
397	406
397	407
397	693
397	694
397	695
398	401
398	402
398	403
398	404
398	405
398	406
398	407
398	429
398	430
398	432
398	433
398	434
398	768
398	769
398	770
398	771
398	772
399	402
399	403
399	404
399	405
399	433
399	769
399	770
399	771
399	772
400	403
400	404
400	405
400	406
400	407
401	404
401	405
401	406
401	407
402	405
402	406
402	407
402	408
402	409
402	410
403	406
403	407
403	408
403	409
403	410
403	429
403	430
403	433
403	434
404	407
404	408
404	409
404	410
404	411
404	426
404	427
404	429
404	430
404	431
404	432
404	433
404	434
404	435
404	437
404	438
404	439
404	440
404	771
404	772
405	408
405	409
405	410
405	411
405	412
405	413
405	430
405	433
405	434
405	437
405	438
405	439
405	440
406	409
406	410
406	411
406	412
406	413
406	414
406	426
406	427
406	429
406	430
406	439
407	410
407	411
407	412
407	413
407	414
407	423
407	425
407	426
407	427
407	428
407	429
407	430
407	431
407	432
407	433
407	434
407	437
407	439
407	440
407	443
408	411
408	412
408	413
408	414
408	415
408	423
408	425
408	426
408	427
408	428
408	429
408	430
408	431
408	432
408	433
408	434
408	435
408	437
408	438
408	439
408	440
408	441
408	442
408	443
408	444
408	446
408	447
409	412
409	413
409	414
409	415
409	416
409	417
409	423
409	426
409	427
409	429
409	430
409	439
409	440
409	442
409	443
409	446
410	413
410	414
410	415
410	416
410	417
410	419
410	420
410	422
410	423
410	424
410	425
410	426
410	427
410	428
410	429
410	430
410	442
410	443
410	446
411	414
411	415
411	416
411	417
411	418
411	419
411	420
411	421
411	422
411	423
411	424
411	425
411	426
411	427
411	428
411	429
411	430
411	431
411	439
411	440
411	442
411	443
411	444
411	445
411	446
411	447
411	450
412	415
412	416
412	417
412	418
412	419
412	420
412	422
412	423
412	424
412	425
412	426
412	427
412	428
412	429
412	430
412	439
412	440
412	441
412	442
412	443
412	444
412	445
412	446
412	447
412	448
412	449
412	450
413	416
413	417
413	418
413	419
413	420
413	422
413	423
413	424
413	426
413	427
413	442
413	443
413	446
413	447
413	450
414	417
414	418
414	419
414	420
414	421
414	422
414	423
414	424
414	425
414	426
414	427
414	443
414	446
414	447
414	449
414	450
415	418
415	419
415	420
415	421
415	422
415	423
415	424
415	425
415	426
415	427
415	442
415	443
415	444
415	445
415	446
415	447
415	448
415	449
415	450
415	451
415	452
415	453
415	454
416	419
416	420
416	422
416	423
416	424
416	442
416	443
416	445
416	446
416	447
416	449
416	450
417	420
417	421
417	422
417	423
417	446
417	450
418	421
418	422
418	423
418	424
418	446
418	447
418	449
418	450
418	451
418	452
418	453
418	454
419	422
419	423
419	424
419	425
419	426
419	427
419	446
419	447
419	449
419	450
419	451
419	453
419	454
419	698
420	423
420	424
420	425
420	426
420	427
420	428
420	446
420	447
420	448
420	449
420	450
420	451
420	452
420	453
420	454
420	455
420	456
420	698
420	699
420	700
421	424
421	425
421	426
421	427
421	428
421	447
421	449
421	450
421	451
421	452
421	453
421	454
421	455
421	456
421	697
421	698
421	699
421	700
421	701
422	425
422	426
422	427
422	428
422	429
422	447
422	450
422	451
422	453
422	454
422	696
422	697
422	698
422	699
422	700
423	426
423	427
423	428
423	429
423	430
423	443
423	444
423	445
423	446
423	447
423	448
423	449
423	450
423	451
423	453
423	454
423	697
423	698
423	699
423	700
424	427
424	428
424	429
424	430
424	431
424	443
424	444
424	445
424	446
424	447
424	448
424	449
424	450
424	451
424	452
424	453
424	454
424	455
424	456
424	457
424	697
424	698
424	699
424	700
424	701
425	428
425	429
425	430
425	431
425	432
425	443
425	446
425	447
425	450
425	451
425	454
425	696
425	697
425	698
425	699
425	700
425	701
426	429
426	430
426	431
426	432
426	433
426	434
426	440
426	443
426	444
426	446
426	447
426	450
426	696
426	697
426	698
426	699
427	430
427	431
427	432
427	433
427	434
427	435
427	439
427	440
427	441
427	442
427	443
427	444
427	445
427	446
427	447
427	448
427	449
427	450
427	451
427	698
428	431
428	432
428	433
428	434
428	435
428	440
428	443
428	444
428	445
428	446
428	447
428	448
428	450
428	451
428	698
428	699
429	432
429	433
429	434
429	435
429	440
429	443
429	444
429	447
429	698
429	770
430	433
430	434
430	435
430	436
430	437
430	438
430	439
430	440
430	441
430	442
430	443
430	444
430	446
430	447
430	770
430	772
431	434
431	435
431	436
431	437
431	438
431	439
431	440
431	441
431	442
431	443
431	444
431	445
431	446
431	447
431	770
431	771
431	772
432	435
432	436
432	437
432	440
432	443
432	444
432	768
432	769
432	770
432	771
432	772
433	436
433	437
433	438
433	439
433	440
433	768
433	769
433	770
433	771
433	772
433	773
434	437
434	438
434	439
434	440
434	441
434	442
434	443
434	444
434	769
434	770
434	771
434	772
434	773
434	774
435	438
435	439
435	440
435	441
435	442
435	443
435	444
435	770
435	771
435	772
435	773
436	439
436	440
436	441
436	443
436	770
436	771
436	772
436	773
436	774
437	440
437	441
437	442
437	443
437	444
437	770
437	771
437	772
437	773
437	774
437	775
438	441
438	442
438	443
438	444
438	772
438	773
438	774
438	775
439	442
439	443
439	444
439	445
439	446
439	772
439	774
440	443
440	444
440	445
440	446
440	447
440	772
441	444
441	445
441	446
441	447
441	448
442	445
442	446
442	447
442	448
442	449
443	446
443	447
443	448
443	449
443	450
443	451
444	447
444	448
444	449
444	450
444	451
445	448
445	449
445	450
445	451
445	452
446	449
446	450
446	451
446	452
446	453
447	450
447	451
447	452
447	453
447	454
447	455
447	456
447	457
448	451
448	452
448	453
448	454
448	455
448	456
448	457
448	458
448	459
449	452
449	453
449	454
449	455
449	456
449	457
450	453
450	454
450	455
450	456
450	457
451	454
451	455
451	456
451	457
451	458
451	459
451	495
451	700
452	455
452	456
452	457
452	458
452	459
452	460
453	456
453	457
453	458
454	457
454	458
454	700
454	701
454	702
455	458
455	459
455	460
455	461
455	700
455	701
455	702
456	459
456	460
456	461
456	462
456	494
456	495
456	700
456	701
456	702
456	703
456	704
457	460
457	461
457	462
457	463
457	494
457	495
457	496
457	702
458	461
458	462
458	463
458	464
458	465
458	491
458	492
458	494
458	495
458	702
459	462
459	463
459	464
459	465
459	466
459	491
459	492
459	493
459	494
459	495
459	496
459	497
460	463
460	464
460	465
460	466
460	467
460	491
460	494
460	495
461	464
461	465
461	466
461	467
461	468
461	491
461	492
461	494
461	495
462	465
462	466
462	467
462	468
462	469
462	487
462	488
462	489
462	490
462	491
462	492
462	493
462	494
462	495
462	496
462	497
463	466
463	467
463	468
463	469
463	470
463	487
463	488
463	491
463	492
463	494
463	495
464	467
464	468
464	469
464	470
464	471
464	488
464	491
465	468
465	469
465	470
465	471
465	472
465	484
465	485
465	487
465	488
465	489
465	490
465	491
465	492
466	469
466	470
466	471
466	472
466	473
466	484
466	485
466	486
466	487
466	488
466	489
466	490
466	491
466	492
467	470
467	471
467	472
467	473
467	474
467	484
467	485
467	487
467	488
467	491
468	471
468	472
468	473
468	474
468	484
468	485
468	487
468	488
468	491
469	472
469	473
469	474
469	475
469	476
469	480
469	481
469	482
469	483
469	484
469	485
469	486
469	487
469	488
469	489
469	490
469	491
470	473
470	474
470	475
470	476
470	480
470	481
470	483
470	484
470	485
470	487
470	488
471	474
471	475
471	476
471	480
471	481
471	484
471	485
472	475
472	476
472	477
472	479
472	480
472	481
472	482
472	483
472	484
472	485
472	487
472	488
473	476
473	477
473	478
473	479
473	480
473	481
473	482
473	483
473	484
473	485
473	487
473	488
474	477
474	480
474	481
474	484
475	478
475	479
475	480
475	481
475	484
476	479
476	480
476	481
476	482
476	483
476	484
476	485
476	511
477	480
477	481
477	482
477	483
477	484
477	511
477	512
477	513
477	514
477	515
478	481
478	482
478	483
478	484
478	485
478	507
478	508
478	509
478	510
478	511
478	512
478	513
478	514
478	515
479	482
479	483
479	484
479	485
479	486
479	508
479	511
479	512
479	514
480	483
480	484
480	485
480	486
480	487
480	488
480	508
480	511
480	512
481	484
481	485
481	486
481	487
481	488
481	504
481	505
481	507
481	508
481	509
481	510
481	511
481	512
481	513
482	485
482	486
482	487
482	488
482	489
482	504
482	505
482	506
482	507
482	508
482	509
482	510
482	511
482	512
482	513
482	553
482	735
483	486
483	487
483	488
483	489
483	490
483	504
483	505
483	507
483	508
483	509
483	511
483	512
483	735
484	487
484	488
484	489
484	490
484	491
484	504
484	505
484	507
484	508
484	511
484	735
485	488
485	489
485	490
485	491
485	492
485	500
485	501
485	502
485	503
485	504
485	505
485	506
485	507
485	508
485	509
485	510
485	511
485	512
485	734
485	735
486	489
486	490
486	491
486	492
486	493
486	500
486	501
486	502
486	503
486	504
486	505
486	506
486	507
486	508
486	509
486	511
486	733
486	734
486	735
486	736
487	490
487	491
487	492
487	493
487	494
487	501
487	504
487	505
487	508
487	733
487	734
487	735
487	736
488	491
488	492
488	493
488	494
488	495
488	497
488	500
488	501
488	502
488	503
488	504
488	505
488	506
488	507
488	508
488	733
488	734
488	735
489	492
489	493
489	494
489	495
489	496
489	497
489	498
489	499
489	500
489	501
489	502
489	503
489	504
489	505
489	506
489	507
489	508
489	509
489	733
489	734
489	735
489	736
490	493
490	494
490	495
490	496
490	497
490	498
490	500
490	501
490	502
490	503
490	504
490	505
490	730
490	731
490	732
490	733
490	734
490	735
490	736
490	737
491	494
491	495
491	496
491	497
491	498
491	500
491	501
491	502
491	504
491	505
491	732
491	733
491	734
491	735
492	495
492	496
492	497
492	498
492	499
492	500
492	501
492	502
492	503
492	504
492	505
492	732
492	733
492	734
492	735
493	496
493	497
493	498
493	499
493	500
493	501
493	502
493	503
493	504
493	505
493	731
493	732
493	733
493	734
493	735
493	736
493	737
494	497
494	498
494	500
494	501
494	702
494	703
494	730
494	731
494	732
494	733
494	734
494	735
495	498
495	499
495	500
495	501
495	732
495	733
495	734
496	499
496	500
496	501
496	502
496	732
496	733
496	734
497	500
497	501
497	502
497	503
497	504
498	501
498	502
498	503
498	504
498	505
498	734
499	502
499	503
499	504
499	505
499	506
500	503
500	504
500	505
500	506
500	507
501	504
501	505
501	506
501	507
501	508
501	733
501	734
501	735
502	505
502	506
502	507
502	508
502	509
502	734
503	506
503	507
503	508
503	509
503	510
504	507
504	508
504	509
504	510
504	511
504	734
505	508
505	509
505	510
505	511
505	512
505	553
505	554
505	734
505	735
506	509
506	510
506	511
506	512
506	552
506	553
506	554
506	555
506	557
507	510
507	511
507	512
507	513
507	552
507	553
507	554
508	511
508	512
508	513
508	552
508	553
508	554
509	512
509	513
509	514
509	551
509	552
509	553
509	554
509	555
509	556
509	557
510	513
510	514
510	515
510	517
510	518
510	521
510	550
510	551
510	552
510	553
510	554
510	555
511	514
511	515
511	517
511	518
511	551
511	552
511	553
511	554
512	515
512	516
512	517
512	518
512	521
512	548
512	550
512	551
512	552
512	553
512	554
512	555
513	516
513	517
513	518
513	519
513	520
513	521
513	522
513	547
513	548
513	549
513	550
513	551
513	552
513	553
513	554
513	555
514	517
514	518
514	519
514	520
514	521
514	549
514	550
514	551
514	552
514	553
515	518
515	519
515	520
515	521
515	522
515	550
515	551
515	552
516	519
516	520
516	521
516	522
516	550
516	551
516	552
517	520
517	521
517	522
517	523
517	524
517	546
517	547
517	548
517	549
517	550
517	551
517	552
517	553
518	521
518	522
518	523
518	524
518	525
518	546
518	547
518	548
518	549
518	550
518	551
518	552
518	553
519	522
519	523
519	524
519	525
519	526
519	547
519	550
519	551
519	552
520	523
520	524
520	525
520	526
520	527
520	528
520	543
520	544
520	546
520	547
520	548
520	549
520	550
520	551
520	552
521	524
521	525
521	526
521	527
521	528
521	543
521	544
521	545
521	546
521	547
521	548
521	549
521	550
521	551
521	552
521	553
521	558
522	525
522	526
522	527
522	528
522	529
522	543
522	544
522	546
522	547
522	550
522	552
523	526
523	527
523	528
523	529
523	530
523	543
523	544
523	546
523	547
523	550
524	527
524	528
524	529
524	530
524	531
524	539
524	540
524	541
524	542
524	543
524	544
524	545
524	546
524	547
524	548
524	549
524	550
524	552
524	558
525	528
525	529
525	530
525	531
525	532
525	539
525	540
525	541
525	542
525	543
525	544
525	545
525	546
525	547
525	548
525	550
525	552
525	558
526	529
526	530
526	531
526	532
526	533
526	539
526	540
526	543
526	544
526	547
527	530
527	531
527	532
527	533
527	534
527	536
527	537
527	539
527	540
527	541
527	542
527	543
527	544
527	546
527	547
528	531
528	532
528	533
528	534
528	535
528	536
528	537
528	538
528	539
528	540
528	541
528	542
528	543
528	544
528	545
528	546
528	547
528	558
528	561
528	562
528	565
529	532
529	533
529	534
529	535
529	536
529	537
529	539
529	540
529	541
529	543
529	544
529	561
529	562
529	565
530	533
530	534
530	535
530	536
530	537
530	538
530	539
530	540
530	543
531	534
531	535
531	536
531	537
531	538
531	539
531	540
531	541
531	542
531	543
531	544
531	562
531	565
531	566
532	535
532	536
532	537
532	538
532	539
532	540
532	541
532	542
532	543
532	544
532	561
532	562
532	563
532	564
532	565
532	566
532	568
532	569
533	536
533	537
533	539
533	540
533	565
534	537
534	538
534	539
534	540
534	565
534	569
535	538
535	539
535	540
535	541
535	562
535	564
535	565
535	566
535	567
535	568
535	569
535	570
535	571
536	539
536	540
536	541
536	542
536	543
536	562
536	565
536	566
536	567
536	568
536	569
536	570
536	571
537	540
537	541
537	542
537	543
537	544
537	545
537	561
537	562
537	563
537	564
537	565
537	566
537	567
537	568
537	569
537	570
537	571
537	572
537	574
537	575
537	578
538	541
538	542
538	543
538	544
538	545
538	562
538	563
538	564
538	565
538	566
538	567
538	568
538	569
538	570
538	571
538	572
538	573
538	574
538	575
538	577
538	578
539	542
539	543
539	544
539	545
539	546
539	562
539	565
539	566
539	571
539	574
540	543
540	544
540	545
540	546
540	547
540	558
540	559
540	560
540	561
540	562
540	563
540	564
540	565
540	566
540	569
540	571
540	574
540	575
540	578
541	544
541	545
541	546
541	547
541	548
541	558
541	559
541	560
541	561
541	562
541	563
541	564
541	565
541	566
541	567
541	569
541	571
541	574
541	575
541	576
541	577
541	578
541	579
542	545
542	546
542	547
542	548
542	549
542	558
542	559
542	561
542	562
542	563
542	565
542	566
542	574
542	575
542	577
542	578
543	546
543	547
543	548
543	549
543	550
543	552
543	558
543	559
543	561
543	562
544	547
544	548
544	549
544	550
544	551
544	552
544	553
544	554
544	555
544	556
544	557
544	558
544	559
544	560
544	561
544	562
544	563
544	564
544	565
544	566
544	578
545	548
545	549
545	550
545	551
545	552
545	555
545	556
545	557
545	558
545	559
545	560
545	561
545	562
545	563
545	577
545	578
545	579
545	581
545	582
546	549
546	550
546	551
546	552
546	555
546	558
546	559
546	562
547	550
547	551
547	552
547	553
547	554
547	555
547	556
547	557
547	558
547	559
547	561
547	562
548	551
548	552
548	553
548	554
548	555
548	556
548	557
548	558
548	559
548	560
548	562
548	581
548	582
549	552
549	553
549	555
549	558
549	559
550	553
550	554
550	555
551	554
551	555
551	556
551	558
552	555
552	556
552	557
552	558
552	559
553	556
553	557
553	558
553	559
554	557
554	558
554	559
554	560
554	561
555	558
555	559
555	560
555	561
555	562
555	582
556	559
556	560
556	561
556	562
556	563
556	579
556	582
556	583
556	585
556	587
556	589
556	590
557	560
557	561
557	562
557	563
557	564
557	582
557	590
558	561
558	562
558	563
558	564
558	565
558	582
559	562
559	563
559	564
559	565
559	566
559	575
559	578
559	579
559	580
559	581
559	582
559	583
559	589
559	590
559	593
560	563
560	564
560	565
560	566
560	567
560	568
560	575
560	578
560	579
560	582
560	583
560	589
560	590
560	592
560	593
560	594
561	564
561	565
561	566
561	567
561	568
561	575
561	578
561	579
562	565
562	566
562	567
562	568
562	569
562	571
562	572
562	574
562	575
562	576
562	577
562	578
562	579
562	582
562	593
563	566
563	567
563	568
563	569
563	570
563	571
563	572
563	573
563	574
563	575
563	576
563	577
563	578
563	579
563	580
563	581
563	582
563	590
563	593
563	594
563	596
563	597
564	567
564	568
564	569
564	570
564	571
564	572
564	574
564	575
564	576
564	578
564	579
564	593
564	594
564	596
564	597
565	568
565	569
565	570
565	571
565	572
565	574
565	575
565	578
566	569
566	570
566	571
566	572
566	573
566	574
566	575
566	576
566	577
566	578
566	579
566	597
567	570
567	571
567	572
567	573
567	574
567	575
567	576
567	577
567	578
567	579
567	593
567	594
567	596
567	597
567	598
567	599
567	600
567	601
568	571
568	572
568	574
568	575
568	597
568	600
569	572
569	573
569	574
569	575
570	573
570	574
570	575
570	576
570	597
570	600
570	601
571	574
571	575
571	576
571	577
571	578
571	597
571	600
571	601
572	575
572	576
572	577
572	578
572	579
572	593
572	594
572	596
572	597
572	598
572	599
572	600
572	601
572	602
572	603
573	576
573	577
573	578
573	579
573	580
573	594
573	597
573	598
573	599
573	600
573	601
573	602
573	603
574	577
574	578
574	579
574	580
574	581
574	594
574	597
574	598
574	601
575	578
575	579
575	580
575	581
575	582
575	583
575	590
575	593
575	594
575	595
575	596
575	597
575	598
575	599
575	600
575	601
576	579
576	580
576	581
576	582
576	583
576	590
576	591
576	592
576	593
576	594
576	595
576	596
576	597
576	598
576	599
576	600
576	601
576	602
576	603
576	606
576	607
577	580
577	581
577	582
577	583
577	584
577	593
577	594
577	597
577	598
578	581
578	582
578	583
578	584
578	590
578	591
578	593
578	594
578	597
579	582
579	583
579	584
579	585
579	586
579	587
579	588
579	589
579	590
579	591
579	592
579	593
579	594
579	595
579	596
579	597
579	598
580	583
580	584
580	585
580	586
580	587
580	588
580	589
580	590
580	591
580	592
580	593
580	594
580	595
580	597
580	598
580	606
580	610
581	584
581	585
581	586
581	587
581	590
581	591
581	593
581	594
582	585
582	586
582	587
582	588
582	589
582	590
582	591
582	592
582	593
582	594
583	586
583	587
583	588
583	589
583	590
583	591
583	592
583	593
583	594
583	595
583	610
583	613
583	614
584	587
584	588
584	589
584	590
584	591
584	594
584	610
585	588
585	589
585	590
585	591
586	589
586	590
586	591
586	592
586	610
586	613
586	614
586	617
586	618
586	621
587	590
587	591
587	592
587	593
587	594
587	610
587	613
587	614
587	617
587	618
587	621
587	622
588	591
588	592
588	593
588	594
588	595
588	610
588	611
588	612
588	613
588	614
588	615
588	616
588	617
588	618
588	619
588	620
588	621
588	622
588	623
588	624
588	625
588	626
588	628
588	629
589	592
589	593
589	594
589	595
589	596
589	610
589	611
589	613
589	614
589	615
589	617
589	618
589	621
589	622
589	623
589	624
589	625
589	626
589	628
589	629
590	593
590	594
590	595
590	596
590	597
590	610
590	611
590	613
590	614
590	617
590	629
591	594
591	595
591	596
591	597
591	598
591	606
591	607
591	608
591	609
591	610
591	611
591	612
591	613
591	614
591	615
591	616
591	617
591	618
591	625
591	626
591	628
591	629
591	630
591	632
591	633
592	595
592	596
592	597
592	598
592	599
592	607
592	608
592	609
592	610
592	611
592	612
592	613
592	614
592	615
592	616
592	617
592	618
592	625
592	626
592	627
592	628
592	629
592	630
592	631
592	632
592	633
593	596
593	597
593	598
593	599
593	600
593	607
593	610
593	611
593	614
593	628
593	629
593	632
594	597
594	598
594	599
594	600
594	601
594	603
594	604
594	606
594	607
594	608
594	609
594	610
594	611
594	613
594	614
594	629
594	632
594	633
595	598
595	599
595	600
595	601
595	602
595	603
595	604
595	605
595	606
595	607
595	608
595	609
595	610
595	611
595	612
595	613
595	614
595	615
595	628
595	629
595	630
595	631
595	632
595	633
595	634
595	635
595	636
596	599
596	600
596	601
596	602
596	603
596	604
596	606
596	607
596	608
596	610
596	611
596	614
596	628
596	629
596	630
596	631
596	632
596	633
596	635
596	636
597	600
597	601
597	602
597	603
597	604
597	606
597	607
597	610
597	611
597	632
598	601
598	602
598	603
598	604
598	605
598	606
598	607
598	608
598	609
598	610
598	611
598	632
598	633
598	635
598	636
599	602
599	603
599	604
599	605
599	606
599	607
599	608
599	609
599	610
599	611
599	629
599	631
599	632
599	633
599	634
599	635
599	636
599	637
599	638
599	639
599	640
600	603
600	604
600	606
600	607
600	632
600	635
600	636
601	604
601	605
601	606
601	607
601	636
602	605
602	606
602	607
602	608
602	632
602	635
602	636
602	637
602	639
602	640
603	606
603	607
603	608
603	609
603	610
603	611
603	632
603	633
603	635
603	636
603	637
603	639
603	640
604	607
604	608
604	609
604	610
604	611
604	612
604	632
604	633
604	634
604	635
604	636
604	637
604	638
604	639
604	640
604	641
604	642
605	608
605	609
605	610
605	611
605	612
605	632
605	633
605	634
605	635
605	636
605	637
605	638
605	639
605	640
605	641
605	642
606	609
606	610
606	611
606	612
606	613
606	614
606	632
606	633
606	636
606	637
606	640
607	610
607	611
607	612
607	613
607	614
607	615
607	629
607	630
607	631
607	632
607	633
607	634
607	635
607	636
607	637
607	638
607	639
607	640
608	611
608	612
608	613
608	614
608	615
608	616
608	629
608	630
608	631
608	632
608	633
608	634
608	635
608	636
608	637
608	638
608	639
608	640
608	642
608	645
608	646
608	649
609	612
609	613
609	614
609	615
609	616
609	629
609	630
609	632
609	633
609	634
609	636
609	637
610	613
610	614
610	615
610	616
610	617
610	629
610	630
610	632
610	633
610	636
611	614
611	615
611	616
611	617
611	618
611	619
611	625
611	626
611	627
611	628
611	629
611	630
611	631
611	632
611	633
611	634
611	635
611	636
611	637
611	649
612	615
612	616
612	617
612	618
612	619
612	626
612	627
612	628
612	629
612	630
612	631
612	632
612	633
612	634
612	636
612	637
612	645
612	646
612	649
613	616
613	617
613	618
613	619
613	620
613	621
613	626
613	629
613	630
613	632
613	633
614	617
614	618
614	619
614	620
614	621
614	622
614	623
614	624
614	625
614	626
614	627
614	628
614	629
614	630
614	631
614	632
614	633
615	618
615	619
615	620
615	621
615	622
615	623
615	624
615	625
615	626
615	627
615	628
615	629
615	630
615	631
615	632
615	633
615	634
615	649
615	652
615	653
615	656
616	619
616	620
616	621
616	622
616	623
616	625
616	626
616	627
616	628
616	629
616	630
616	633
616	649
616	652
616	749
617	620
617	621
617	622
617	623
617	624
617	625
617	626
617	627
617	629
617	630
617	745
617	746
617	749
618	621
618	622
618	623
618	624
618	625
618	626
618	627
618	628
618	629
618	630
618	742
618	745
618	746
618	749
619	622
619	623
619	624
619	625
619	626
619	627
619	628
619	629
619	630
619	652
619	656
619	742
619	745
619	746
619	747
619	748
619	749
619	750
619	752
619	753
620	623
620	624
620	625
620	626
620	742
620	743
620	744
620	745
620	746
620	747
620	748
620	749
620	750
620	751
620	752
620	753
621	624
621	625
621	626
621	738
621	739
621	741
621	742
621	743
621	744
621	745
621	746
621	747
621	748
621	749
621	750
622	625
622	626
622	627
622	629
622	738
622	741
622	742
622	743
622	744
622	745
622	746
622	747
622	748
622	749
623	626
623	627
623	628
623	629
623	630
623	656
623	657
623	741
623	742
623	744
623	745
623	746
623	747
623	748
623	749
624	627
624	628
624	629
624	630
624	656
624	657
624	658
624	741
624	742
624	744
624	745
624	746
624	748
624	749
625	628
625	629
625	630
625	631
625	632
625	653
625	656
625	657
626	629
626	630
626	631
626	632
626	633
626	649
626	652
626	653
626	654
626	655
626	656
626	657
626	745
627	630
627	631
627	632
627	633
627	634
627	635
627	649
627	650
627	651
627	652
627	653
627	654
627	655
627	656
627	657
627	658
628	631
628	632
628	633
628	634
628	635
628	649
628	650
628	652
628	653
628	654
628	656
628	657
629	632
629	633
629	634
629	635
629	636
629	649
629	650
629	652
629	653
629	656
630	633
630	634
630	635
630	636
630	637
630	645
630	646
630	647
630	648
630	649
630	650
630	651
630	652
630	653
630	654
630	655
630	656
631	634
631	635
631	636
631	637
631	638
631	646
631	647
631	648
631	649
631	650
631	651
631	652
631	653
631	654
631	656
632	635
632	636
632	637
632	638
632	639
632	646
632	649
632	650
632	653
633	636
633	637
633	638
633	639
633	640
633	642
633	643
633	645
633	646
633	647
633	648
633	649
633	650
633	652
633	653
634	637
634	638
634	639
634	640
634	641
634	642
634	643
634	644
634	645
634	646
634	647
634	648
634	649
634	650
634	651
634	652
634	653
634	654
635	638
635	639
635	640
635	641
635	642
635	643
635	645
635	646
635	647
635	649
635	650
635	653
636	639
636	640
636	641
636	642
636	643
636	645
636	646
636	647
636	649
636	650
637	640
637	641
637	642
637	643
637	644
637	645
637	646
637	647
637	648
637	649
637	650
638	641
638	642
638	643
638	644
638	645
638	646
638	647
638	648
638	649
638	650
639	642
639	643
639	645
639	646
640	643
640	644
640	645
640	646
641	644
641	645
641	646
641	647
642	645
642	646
642	647
642	648
642	649
642	650
643	646
643	647
643	648
643	649
643	650
643	651
644	647
644	648
644	649
644	650
644	651
645	648
645	649
645	650
645	651
645	652
646	649
646	650
646	651
646	652
646	653
647	650
647	651
647	652
647	653
647	654
648	651
648	652
648	653
648	654
648	655
649	652
649	653
649	654
649	655
649	656
650	653
650	654
650	655
650	656
651	654
651	655
651	656
651	657
652	655
652	656
652	657
653	656
653	657
653	658
654	657
654	658
655	658
655	659
656	659
657	660
657	764
658	661
658	762
658	763
658	764
658	765
658	766
658	767
659	662
659	763
659	764
659	765
659	766
659	767
660	663
660	763
660	764
660	765
660	766
660	767
660	768
661	664
661	763
661	764
661	765
661	766
661	767
661	768
662	665
662	764
662	765
662	766
662	767
663	666
664	667
664	693
664	694
664	695
665	668
665	692
665	693
665	694
665	695
666	669
666	671
666	690
666	691
666	692
666	693
666	694
666	695
667	670
667	671
667	672
667	673
667	689
667	690
667	691
667	692
667	693
667	694
668	671
668	672
668	673
668	674
668	675
668	681
668	682
668	685
668	686
668	688
668	689
668	690
668	691
668	692
668	693
668	694
669	672
669	673
669	674
669	675
669	676
669	677
669	678
669	681
669	682
669	683
669	684
669	685
669	686
669	687
669	688
669	689
669	690
669	691
669	692
669	693
670	673
670	674
670	675
670	676
670	677
670	678
670	679
670	680
670	681
670	682
670	683
670	684
670	685
670	686
670	687
670	688
670	689
670	690
670	691
670	692
671	674
671	675
671	676
671	677
671	678
671	679
671	681
671	682
671	683
671	685
671	686
671	687
671	688
671	689
671	690
671	691
672	675
672	676
672	677
672	678
672	679
672	681
672	682
672	685
672	686
672	689
672	691
673	676
673	677
673	678
673	679
673	680
673	681
673	682
673	683
673	684
673	685
673	686
673	687
673	689
674	677
674	678
674	679
674	680
674	681
674	682
674	683
674	684
674	685
674	686
674	687
675	678
675	679
675	681
675	682
675	686
676	679
676	680
676	681
676	682
677	680
677	681
677	682
677	683
677	686
678	681
678	682
678	683
678	684
678	685
678	686
679	682
679	683
679	684
679	685
679	686
680	683
680	684
680	685
680	686
681	684
681	685
681	686
681	687
681	688
681	689
682	685
682	686
682	687
682	688
682	689
683	686
683	687
683	688
683	689
684	687
684	688
684	689
684	690
685	688
685	689
685	690
685	691
686	689
686	690
687	690
688	691
689	692
690	693
691	694
692	695
693	696
694	697
695	698
696	699
697	700
698	701
699	702
699	705
700	703
700	704
700	705
700	706
701	704
701	705
701	706
701	707
701	708
701	709
701	725
701	728
701	729
701	732
702	705
702	706
702	707
702	708
702	709
702	725
702	728
702	729
702	730
702	731
702	732
702	733
703	706
703	707
703	708
703	709
703	710
703	725
703	726
703	727
703	728
703	729
703	730
703	731
703	732
703	733
704	707
704	708
704	709
704	710
704	711
704	725
704	726
704	728
704	729
704	730
704	732
705	708
705	709
705	710
705	711
705	712
705	725
705	726
705	728
705	729
705	732
706	709
706	710
706	711
706	712
706	713
706	721
706	722
706	723
706	724
706	725
706	726
706	727
706	728
706	729
706	730
706	731
706	732
707	710
707	711
707	712
707	713
707	714
707	722
707	723
707	724
707	725
707	726
707	727
707	728
707	729
707	730
707	732
708	711
708	712
708	713
708	714
708	715
708	722
708	725
708	726
708	729
709	712
709	713
709	714
709	715
709	716
709	718
709	719
709	721
709	722
709	723
709	724
709	725
709	726
709	727
709	728
709	729
710	713
710	714
710	715
710	716
710	717
710	718
710	719
710	720
710	721
710	722
710	723
710	724
710	725
710	726
710	727
710	728
710	729
710	730
711	714
711	715
711	716
711	717
711	718
711	719
711	721
711	722
711	723
711	725
711	726
711	729
712	715
712	716
712	717
712	718
712	719
712	721
712	722
712	723
712	725
712	726
713	716
713	717
713	718
713	719
713	720
713	721
713	722
713	723
713	724
713	725
713	726
714	717
714	718
714	719
714	720
714	721
714	722
714	723
714	724
714	725
714	726
715	718
715	719
715	721
715	722
716	719
716	720
716	721
716	722
717	720
717	721
717	722
717	723
718	721
718	722
718	723
718	724
718	725
718	759
718	760
719	722
719	723
719	724
719	725
719	726
719	747
719	756
719	757
719	758
719	759
719	760
719	761
720	723
720	724
720	725
720	726
720	727
720	743
720	744
720	747
720	748
720	750
720	751
720	756
720	757
720	758
720	759
720	760
720	761
720	762
721	724
721	725
721	726
721	727
721	728
721	747
721	759
721	760
721	761
721	762
722	725
722	726
722	727
722	728
722	729
722	743
722	747
722	759
722	760
722	761
723	726
723	727
723	728
723	729
723	730
723	739
723	740
723	741
723	742
723	743
723	744
723	745
723	746
723	747
723	748
723	756
723	758
723	759
723	760
723	761
723	762
724	727
724	728
724	729
724	730
724	731
724	740
724	741
724	742
724	743
724	744
724	745
724	746
724	747
724	748
724	759
724	760
724	761
724	762
724	763
725	728
725	729
725	730
725	731
725	732
725	740
725	743
725	744
725	760
725	761
726	729
726	730
726	731
726	732
726	733
726	736
726	737
726	739
726	740
726	741
726	742
726	743
726	744
726	747
726	760
726	761
727	730
727	731
727	732
727	733
727	736
727	737
727	738
727	739
727	740
727	741
727	742
727	743
727	744
727	745
727	746
727	747
727	748
727	760
727	761
728	731
728	732
728	733
728	734
728	736
728	737
728	738
728	739
728	740
728	741
728	742
728	743
728	744
728	761
729	732
729	733
729	734
729	735
729	736
729	737
729	739
729	740
729	741
729	743
729	744
730	733
730	734
730	735
730	736
730	737
730	738
730	739
730	740
730	741
730	742
730	743
730	744
731	734
731	735
731	736
731	737
731	738
731	739
731	740
731	741
731	742
731	743
731	744
732	735
732	736
732	737
732	738
732	739
732	740
732	741
733	736
733	737
733	738
733	739
733	740
734	737
734	738
734	739
734	740
734	741
735	738
735	739
735	740
735	741
736	739
736	740
736	741
736	742
736	743
737	740
737	741
737	742
737	743
737	744
738	741
738	742
738	743
738	744
738	745
738	746
739	742
739	743
739	744
739	745
739	746
739	747
740	743
740	744
740	745
740	746
740	747
740	761
741	744
741	745
741	746
741	747
741	748
741	761
742	745
742	746
742	747
742	748
742	749
742	759
742	761
743	746
743	747
743	748
743	749
743	750
743	751
743	758
743	759
743	760
743	761
743	762
744	747
744	748
744	749
744	750
744	751
744	759
744	760
744	761
744	762
744	763
745	748
745	749
745	750
745	751
745	752
745	759
745	760
745	761
745	762
745	763
746	749
746	750
746	751
746	752
746	753
746	755
746	756
746	758
746	759
746	760
746	761
746	762
747	750
747	751
747	752
747	753
747	754
747	755
747	756
747	757
747	758
747	759
747	760
747	761
747	762
747	763
748	751
748	752
748	753
748	754
748	755
748	756
748	758
748	759
748	760
748	761
748	762
748	763
748	764
749	752
749	753
749	754
749	755
749	756
749	758
749	759
749	760
749	761
749	762
749	763
750	753
750	754
750	755
750	756
750	757
750	758
750	759
750	760
750	761
750	762
751	754
751	755
751	756
751	757
751	758
751	759
751	760
751	761
751	762
751	763
752	755
752	756
752	758
752	759
752	760
752	761
752	762
752	763
753	756
753	757
753	758
753	759
753	760
753	761
753	762
754	757
754	758
754	759
754	760
754	761
754	762
755	758
755	759
755	760
755	761
756	759
756	760
756	761
756	762
757	760
757	761
758	761
759	762
760	763
761	764
762	765
763	766
764	767
765	768
766	769
767	770
768	771
769	772
770	773
771	774
772	775
773	776
774	777
775	778
776	779
777	780
778	781
779	782
780	783
781	784
782	785
783	786
784	787
785	788
