1	4
2	5
3	6
4	7
5	8
6	9
7	10
8	11
9	12
10	13
11	14
12	15
13	16
14	17
15	18
16	19
17	20
17	21
18	21
18	22
18	24
19	22
19	23
19	24
19	25
20	23
20	24
20	25
20	26
20	27
21	24
21	25
21	26
21	27
21	28
21	29
22	25
22	26
22	27
22	28
22	29
23	26
23	27
23	28
23	29
23	30
24	27
24	28
24	29
24	30
24	31
25	28
25	29
25	30
25	31
26	29
26	30
26	31
27	30
27	31
27	32
28	31
28	32
28	33
29	32
29	33
30	33
31	34
31	35
32	35
32	36
33	36
34	37
35	38
36	39
37	40
38	41
39	42
40	43
41	44
42	45
43	46
44	47
45	48
46	49
47	50
48	51
49	52
50	53
51	54
52	55
53	56
53	96
53	97
54	57
54	92
54	93
54	95
54	96
54	97
54	98
54	99
55	58
55	92
55	93
55	94
55	95
55	96
55	97
55	98
55	99
56	59
56	88
56	89
56	90
56	91
56	92
56	93
56	94
56	95
56	96
56	97
56	98
56	99
56	100
56	101
57	60
57	77
57	87
57	88
57	89
57	90
57	91
57	92
57	93
57	94
57	95
57	96
57	97
57	98
57	99
57	100
57	101
58	61
58	77
58	78
58	79
58	80
58	84
58	85
58	86
58	87
58	88
58	89
58	90
58	91
58	92
58	93
58	94
58	95
58	96
58	98
58	99
58	100
58	101
58	102
59	62
59	75
59	76
59	77
59	78
59	79
59	80
59	84
59	85
59	87
59	88
59	89
59	90
59	91
59	92
59	94
59	95
59	99
59	100
59	101
59	102
59	103
60	63
60	75
60	76
60	77
60	78
60	79
60	80
60	84
60	85
60	87
60	88
60	91
60	92
60	101
60	102
60	103
61	64
61	65
61	66
61	71
61	72
61	74
61	75
61	76
61	77
61	78
61	79
61	101
61	102
61	103
61	104
61	105
62	65
62	66
62	67
62	68
62	70
62	71
62	72
62	73
62	74
62	75
62	76
62	77
62	78
62	102
62	103
62	104
62	105
63	66
63	67
63	68
63	70
63	71
63	72
63	75
63	76
63	77
63	78
63	103
63	104
63	105
63	106
63	107
64	67
64	68
64	69
64	70
64	71
64	72
64	75
64	76
64	103
64	104
64	105
64	106
64	107
64	108
65	68
65	69
65	70
65	71
65	72
65	73
65	74
65	75
65	103
65	104
65	105
65	106
65	107
65	108
65	109
66	69
66	70
66	71
66	72
66	73
66	74
66	75
66	76
66	103
66	104
66	105
66	106
66	107
66	108
67	70
67	71
67	72
67	73
67	75
67	104
67	105
67	106
67	107
67	108
67	109
67	110
68	71
68	72
68	73
68	75
68	105
68	106
68	107
68	108
68	109
68	110
69	72
69	73
69	107
69	108
69	109
69	110
70	73
70	74
70	75
70	107
70	109
71	74
71	75
71	76
71	107
72	75
72	76
72	77
73	76
74	77
75	78
75	103
76	79
77	80
78	81
78	84
78	85
78	88
79	82
79	83
79	84
79	85
79	88
80	83
80	84
80	85
80	86
80	87
80	88
80	89
81	84
81	85
81	86
81	87
81	88
82	85
82	86
82	87
82	88
82	89
83	86
83	87
83	88
83	89
83	90
84	87
84	88
84	89
84	90
84	91
85	88
85	89
85	90
85	91
85	92
86	89
86	90
86	91
86	92
86	93
87	90
87	91
87	92
87	93
87	94
88	91
88	92
88	93
88	94
88	95
89	92
89	93
89	94
89	95
89	96
90	93
90	94
90	95
90	96
90	97
91	94
91	95
91	96
91	97
91	98
91	99
91	100
91	101
92	95
92	96
92	97
92	98
92	99
92	100
92	101
93	96
93	97
93	98
93	99
94	97
94	98
94	99
94	100
94	101
95	98
95	99
95	100
95	101
96	99
96	100
97	100
98	101
99	102
100	103
101	104
102	105
103	106
104	107
105	108
106	109
107	110
108	111
109	112
110	113
111	114
112	115
113	116
114	117
115	118
116	119
117	120
118	121
118	381
119	122
119	375
119	376
119	377
119	378
119	381
120	123
120	124
120	375
120	376
120	377
120	378
120	379
120	380
120	381
120	382
120	385
121	124
121	125
121	374
121	375
121	376
121	377
121	378
121	379
121	380
121	381
121	382
122	125
122	126
122	376
122	377
122	378
122	379
122	380
122	381
122	382
123	126
123	127
123	376
123	377
123	378
123	379
123	380
123	381
123	382
123	407
123	410
123	411
123	412
123	413
124	127
124	128
124	158
124	376
124	377
124	378
124	379
124	411
124	413
125	128
125	129
125	130
125	154
125	155
125	157
125	158
125	159
125	378
125	410
125	411
125	412
125	413
125	414
126	129
126	130
126	131
126	132
126	150
126	151
126	153
126	154
126	155
126	156
126	157
126	158
126	159
126	411
126	412
126	413
127	130
127	131
127	132
127	133
127	134
127	150
127	151
127	154
127	155
127	157
127	158
128	131
128	132
128	133
128	134
128	135
128	136
128	147
128	148
128	149
128	150
128	151
128	152
128	153
128	154
128	155
128	156
128	157
128	158
129	132
129	133
129	134
129	135
129	136
129	147
129	148
129	149
129	150
129	151
129	152
129	153
129	154
129	155
129	156
129	157
129	158
129	159
129	160
129	163
129	164
129	167
129	412
129	413
130	133
130	134
130	135
130	136
130	137
130	147
130	148
130	150
130	151
130	152
130	154
130	155
130	158
131	134
131	135
131	136
131	137
131	138
131	147
131	148
131	150
131	151
131	152
131	154
131	155
132	135
132	136
132	137
132	138
132	143
132	144
132	145
132	146
132	147
132	148
132	149
132	150
132	151
132	152
132	153
132	154
132	155
132	164
132	167
133	136
133	137
133	138
133	139
133	144
133	145
133	146
133	147
133	148
133	149
133	150
133	151
133	152
133	153
133	154
133	155
133	163
133	164
133	167
134	137
134	138
134	139
134	141
134	144
134	145
134	147
134	148
134	150
134	151
135	138
135	139
135	140
135	141
135	142
135	143
135	144
135	145
135	146
135	147
135	148
135	149
135	150
135	151
136	139
136	140
136	141
136	142
136	143
136	144
136	145
136	146
136	147
136	148
136	149
136	150
136	151
136	152
136	167
136	168
136	170
136	171
137	140
137	141
137	142
137	143
137	144
137	145
137	146
137	147
137	148
137	151
137	170
138	141
138	142
138	143
138	144
138	145
138	146
138	147
138	148
139	142
139	143
139	144
139	145
139	147
139	148
140	143
140	144
140	145
141	144
141	145
141	146
141	147
141	148
142	145
142	146
142	147
142	148
142	171
142	174
143	146
143	147
143	148
143	149
143	150
143	171
143	174
144	147
144	148
144	149
144	150
144	151
144	167
144	170
144	171
144	174
145	148
145	149
145	150
145	151
145	152
145	167
145	168
145	169
145	170
145	171
145	172
145	173
145	174
145	175
145	176
145	178
145	179
146	149
146	150
146	151
146	152
146	153
146	167
146	168
146	170
146	171
146	172
146	174
146	176
146	178
146	179
147	150
147	151
147	152
147	153
147	154
147	167
147	168
147	170
147	171
147	179
148	151
148	152
148	153
148	154
148	155
148	163
148	164
148	165
148	166
148	167
148	168
148	169
148	170
148	171
148	172
148	173
148	174
148	176
148	178
148	179
149	152
149	153
149	154
149	155
149	156
149	163
149	164
149	165
149	166
149	167
149	168
149	169
149	170
149	171
149	172
149	173
149	174
149	176
149	177
149	178
149	179
149	180
149	181
149	182
149	183
150	153
150	154
150	155
150	156
150	157
150	164
150	165
150	167
150	168
150	170
150	171
150	178
150	179
150	182
151	154
151	155
151	156
151	157
151	158
151	160
151	161
151	163
151	164
151	165
151	166
151	167
151	168
151	169
151	170
151	171
151	179
152	155
152	156
152	157
152	158
152	159
152	160
152	161
152	162
152	163
152	164
152	165
152	166
152	167
152	168
152	169
152	170
152	171
152	172
152	178
152	179
152	180
152	182
152	183
152	186
153	156
153	157
153	158
153	159
153	160
153	161
153	162
153	163
153	164
153	165
153	166
153	167
153	168
153	171
153	178
153	179
153	182
153	183
153	185
153	186
153	413
154	157
154	158
154	159
154	160
154	161
154	162
154	163
154	164
154	165
154	167
154	168
154	412
154	413
155	158
155	159
155	160
155	161
155	162
155	163
155	164
155	165
155	166
155	167
155	168
155	186
155	412
155	413
155	416
156	159
156	160
156	161
156	162
156	163
156	164
156	165
156	166
156	167
156	168
156	182
156	183
156	185
156	186
156	187
156	189
156	190
156	412
156	413
156	414
156	416
156	417
156	420
157	160
157	161
157	162
157	163
157	164
157	165
157	186
157	411
157	412
157	413
157	414
157	415
157	416
157	417
157	420
158	161
158	162
158	163
158	164
158	408
158	409
158	410
158	411
158	412
158	413
158	414
158	415
158	416
158	417
159	162
159	163
159	164
159	165
159	186
159	408
159	409
159	410
159	411
159	412
159	413
159	414
159	415
159	416
159	417
159	418
159	419
159	420
160	163
160	164
160	165
160	166
160	167
160	186
160	411
160	412
160	413
160	414
160	415
160	416
160	417
160	419
160	420
161	164
161	165
161	166
161	167
161	168
161	182
161	183
161	185
161	186
161	187
161	188
161	189
161	190
161	192
161	412
161	413
161	416
161	417
161	419
161	420
162	165
162	166
162	167
162	168
162	169
162	183
162	186
162	187
162	190
162	192
162	416
163	166
163	167
163	168
163	169
163	170
163	183
163	186
164	167
164	168
164	169
164	170
164	171
164	179
164	180
164	182
164	183
164	184
164	185
164	186
164	187
165	168
165	169
165	170
165	171
165	172
165	179
165	180
165	181
165	182
165	183
165	184
165	185
165	186
165	187
165	188
165	192
165	195
165	196
165	199
166	169
166	170
166	171
166	172
166	173
166	179
166	180
166	182
166	183
166	186
166	187
167	170
167	171
167	172
167	173
167	179
167	180
167	182
167	183
168	171
168	172
168	173
168	174
168	175
168	176
168	177
168	178
168	179
168	180
168	181
168	182
168	183
168	184
168	185
168	186
168	187
168	199
168	203
169	172
169	173
169	174
169	175
169	176
169	177
169	178
169	179
169	180
169	181
169	182
169	183
169	184
169	199
169	202
169	203
170	173
170	174
170	175
170	176
170	179
170	180
170	183
171	174
171	175
171	176
171	177
171	178
171	179
171	180
171	181
171	182
171	183
171	203
172	175
172	176
172	177
172	178
172	179
172	180
172	181
172	182
172	183
172	184
172	199
172	200
172	202
172	203
172	204
172	205
172	206
172	207
173	176
173	177
173	178
173	179
173	180
173	202
173	203
173	206
174	177
174	178
174	179
174	180
174	202
174	203
174	206
175	178
175	179
175	180
175	181
175	202
175	203
175	204
175	205
175	206
175	207
175	208
176	179
176	180
176	181
176	182
176	183
176	199
176	200
176	202
176	203
176	204
176	205
176	206
176	207
176	208
177	180
177	181
177	182
177	183
177	184
177	199
177	200
177	201
177	202
177	203
177	204
177	205
177	206
177	207
177	208
177	209
177	210
177	211
177	212
177	213
177	214
178	181
178	182
178	183
178	184
178	185
178	199
178	200
178	201
178	202
178	203
178	204
178	205
178	206
178	207
178	208
178	209
178	210
178	212
178	213
179	182
179	183
179	184
179	185
179	186
179	196
179	199
179	200
179	201
179	202
179	203
179	204
179	206
179	207
179	213
180	183
180	184
180	185
180	186
180	187
180	195
180	196
180	197
180	198
180	199
180	200
180	201
180	202
180	203
180	204
180	205
180	206
180	207
180	210
180	212
180	213
180	214
180	216
180	217
181	184
181	185
181	186
181	187
181	188
181	195
181	196
181	197
181	198
181	199
181	200
181	201
181	202
181	203
181	204
181	205
181	206
181	207
181	208
181	210
181	211
181	212
181	213
181	214
181	215
181	216
181	217
181	294
181	295
182	185
182	186
182	187
182	188
182	189
182	195
182	196
182	197
182	198
182	199
182	200
182	201
182	202
182	203
182	204
182	212
182	213
182	216
182	217
182	294
182	295
182	296
183	186
183	187
183	188
183	189
183	190
183	192
183	193
183	194
183	195
183	196
183	197
183	198
183	199
183	200
183	201
183	202
183	203
183	213
183	216
183	217
183	295
184	187
184	188
184	189
184	190
184	191
184	192
184	193
184	194
184	195
184	196
184	197
184	198
184	199
184	200
184	201
184	202
184	203
184	204
184	212
184	213
184	214
184	215
184	216
184	217
184	218
184	219
184	220
184	221
184	295
184	296
185	188
185	189
185	190
185	191
185	192
185	193
185	194
185	195
185	196
185	197
185	198
185	199
185	200
185	201
185	203
185	212
185	213
185	214
185	215
185	216
185	217
185	219
185	220
185	292
185	294
185	295
185	296
185	297
185	298
186	189
186	190
186	191
186	192
186	193
186	195
186	196
186	197
186	199
186	200
186	216
186	220
186	295
186	296
186	297
186	298
186	420
187	190
187	191
187	192
187	193
187	194
187	195
187	196
187	197
187	198
187	199
187	200
187	216
187	217
187	220
187	295
187	296
187	297
187	420
188	191
188	192
188	193
188	194
188	195
188	196
188	197
188	198
188	199
188	200
188	213
188	216
188	217
188	218
188	219
188	220
188	221
188	222
188	223
188	224
188	295
188	296
188	297
188	298
188	299
188	420
188	424
189	192
189	193
189	194
189	195
189	196
189	197
189	216
189	219
189	220
189	292
189	295
189	296
189	297
189	298
189	299
189	300
189	301
189	417
189	420
189	421
189	423
189	424
190	193
190	194
190	195
190	196
190	220
190	296
190	297
190	298
190	416
190	417
190	418
190	419
190	420
190	421
190	422
190	423
190	424
190	425
191	194
191	195
191	196
191	197
191	219
191	220
191	221
191	222
191	223
191	224
191	296
191	297
191	298
191	299
191	420
191	421
191	422
191	423
191	424
191	425
192	195
192	196
192	197
192	198
192	199
192	219
192	220
192	221
192	223
192	224
192	420
192	423
192	424
193	196
193	197
193	198
193	199
193	200
193	201
193	216
193	217
193	218
193	219
193	220
193	221
193	222
193	223
193	224
193	225
193	226
194	197
194	198
194	199
194	200
194	201
194	217
194	218
194	219
194	220
194	221
194	222
194	223
194	224
194	225
194	226
195	198
195	199
195	200
195	201
195	202
195	217
195	220
195	221
195	223
195	224
196	199
196	200
196	201
196	202
196	203
196	213
196	214
196	216
196	217
196	218
196	219
196	220
196	221
196	222
196	223
196	224
197	200
197	201
197	202
197	203
197	204
197	213
197	214
197	215
197	216
197	217
197	218
197	219
197	220
197	221
197	222
197	223
197	224
197	225
197	226
197	229
197	230
197	233
198	201
198	202
198	203
198	204
198	205
198	213
198	214
198	216
198	217
198	218
198	219
198	220
198	221
198	224
198	229
199	202
199	203
199	204
199	205
199	206
199	207
199	213
199	214
199	216
199	217
199	218
199	220
199	221
200	203
200	204
200	205
200	206
200	207
200	208
200	210
200	211
200	212
200	213
200	214
200	215
200	216
200	217
200	218
200	219
200	220
200	221
200	233
200	237
201	204
201	205
201	206
201	207
201	208
201	210
201	211
201	212
201	213
201	214
201	215
201	216
201	217
201	218
201	219
201	220
201	221
201	229
201	230
201	232
201	233
201	236
201	237
202	205
202	206
202	207
202	208
202	210
202	213
202	214
202	217
203	206
203	207
203	208
203	209
203	210
203	211
203	212
203	213
203	214
203	215
203	216
203	217
204	207
204	208
204	209
204	210
204	211
204	212
204	213
204	214
204	215
204	216
204	217
204	218
204	233
204	236
204	237
204	240
205	208
205	209
205	210
205	211
205	213
205	214
205	217
205	236
205	240
206	209
206	210
206	213
207	210
207	211
207	212
207	213
207	214
207	237
207	240
207	241
207	243
207	244
208	211
208	212
208	213
208	214
208	233
208	236
208	237
208	238
208	239
208	240
208	241
208	242
208	243
208	244
209	212
209	213
209	214
209	215
209	236
209	237
209	238
209	239
209	240
209	241
209	242
209	243
209	244
209	245
210	213
210	214
210	215
210	216
210	217
210	233
210	234
210	236
210	237
210	238
210	239
210	240
210	241
210	242
210	243
210	244
210	245
210	250
210	253
211	214
211	215
211	216
211	217
211	218
211	233
211	234
211	235
211	236
211	237
211	238
211	239
211	240
211	241
211	242
211	243
211	244
211	245
211	249
211	250
211	251
211	252
211	253
211	254
211	255
211	256
211	257
211	294
212	215
212	216
212	217
212	218
212	219
212	233
212	234
212	235
212	236
212	237
212	238
212	239
212	240
212	241
212	244
212	245
212	249
212	250
212	251
212	252
212	253
212	254
212	255
212	256
212	257
212	291
212	294
212	295
212	296
213	216
213	217
213	218
213	219
213	220
213	221
213	233
213	234
213	235
213	236
213	237
213	238
213	240
213	241
213	253
213	257
213	294
213	295
213	296
214	217
214	218
214	219
214	220
214	221
214	229
214	230
214	231
214	232
214	233
214	234
214	235
214	236
214	237
214	238
214	239
214	240
214	241
214	253
214	254
214	256
214	257
214	260
215	218
215	219
215	220
215	221
215	222
215	229
215	230
215	231
215	232
215	233
215	234
215	235
215	236
215	237
215	238
215	239
215	240
215	241
215	250
215	252
215	253
215	254
215	255
215	256
215	257
215	258
215	259
215	260
215	261
215	291
215	294
215	295
215	296
216	219
216	220
216	221
216	222
216	223
216	229
216	230
216	231
216	232
216	233
216	234
216	235
216	236
216	237
216	253
216	256
216	257
216	260
216	291
216	294
216	295
216	296
216	297
216	298
216	299
217	220
217	221
217	222
217	223
217	224
217	226
217	227
217	228
217	229
217	230
217	231
217	232
217	233
217	234
217	235
217	236
217	237
217	296
218	221
218	222
218	223
218	224
218	225
218	226
218	227
218	228
218	229
218	230
218	231
218	232
218	233
218	234
218	235
218	236
218	237
218	238
218	256
218	257
218	260
218	261
219	222
219	223
219	224
219	225
219	226
219	227
219	228
219	229
219	230
219	231
219	232
219	233
219	234
219	237
219	256
219	257
219	259
219	260
219	261
219	296
219	298
219	299
220	223
220	224
220	225
220	226
220	227
220	228
220	229
220	230
220	231
220	233
220	234
220	296
220	298
221	224
221	225
221	226
221	227
221	228
221	229
221	230
221	231
221	232
221	233
221	234
222	225
222	226
222	227
222	228
222	229
222	230
222	231
222	232
222	233
222	234
222	260
223	226
223	227
223	228
223	229
223	230
223	298
223	454
223	455
223	458
224	227
224	228
224	229
224	230
224	439
224	451
224	454
224	455
224	458
225	228
225	229
225	230
225	231
225	450
225	451
225	452
225	453
225	454
225	455
225	458
226	229
226	230
226	231
226	232
226	233
226	450
226	451
226	454
227	230
227	231
227	232
227	233
227	234
227	260
227	261
227	451
228	231
228	232
228	233
228	234
228	235
229	232
229	233
229	234
229	235
229	236
230	233
230	234
230	235
230	236
230	237
230	257
230	260
230	261
231	234
231	235
231	236
231	237
231	238
231	257
231	258
231	259
231	260
231	261
231	262
232	235
232	236
232	237
232	238
232	239
232	257
232	260
232	261
233	236
233	237
233	238
233	239
233	240
233	257
233	260
233	261
234	237
234	238
234	239
234	240
234	241
234	253
234	254
234	255
234	256
234	257
234	258
234	259
234	260
234	261
234	262
235	238
235	239
235	240
235	241
235	254
235	256
235	257
235	258
235	259
235	260
235	261
236	239
236	240
236	241
236	242
236	243
236	254
236	257
236	261
237	240
237	241
237	242
237	243
237	244
237	250
237	253
237	254
237	255
237	256
237	257
237	258
237	260
237	261
238	241
238	242
238	243
238	244
238	250
238	251
238	253
238	254
238	255
238	256
238	257
238	258
238	259
238	260
238	261
239	242
239	243
239	244
239	254
239	257
240	243
240	244
240	245
240	250
240	253
240	254
240	257
241	244
241	245
241	246
241	247
241	249
241	250
241	251
241	252
241	253
241	254
241	255
241	256
241	257
242	245
242	246
242	250
242	251
242	253
242	254
243	246
243	250
244	247
244	249
244	250
244	251
244	253
244	254
245	248
245	249
245	250
245	251
245	253
246	249
246	250
246	251
246	252
246	253
246	254
247	250
247	251
247	252
247	253
247	254
247	294
248	251
248	252
248	253
248	254
248	255
248	270
248	271
248	272
248	273
248	290
248	293
248	294
249	252
249	253
249	254
249	255
249	256
249	270
249	271
249	287
249	289
249	290
249	291
249	292
249	293
249	294
249	295
250	253
250	254
250	255
250	256
250	257
250	270
250	271
250	290
250	293
250	294
251	254
251	255
251	256
251	257
251	258
251	266
251	267
251	268
251	269
251	270
251	271
251	272
251	273
251	274
251	290
251	294
252	255
252	256
252	257
252	258
252	259
252	266
252	267
252	268
252	269
252	270
252	271
252	272
252	273
252	283
252	286
252	287
252	288
252	289
252	290
252	291
252	292
252	293
252	294
252	295
252	296
253	256
253	257
253	258
253	259
253	260
253	267
253	268
253	270
253	271
253	287
253	290
253	291
253	292
253	293
253	294
253	295
253	296
254	257
254	258
254	259
254	260
254	261
254	263
254	264
254	266
254	267
254	268
254	269
254	270
254	271
254	272
254	273
254	290
254	294
255	258
255	259
255	260
255	261
255	262
255	263
255	264
255	265
255	266
255	267
255	268
255	269
255	270
255	271
255	272
255	273
255	278
255	283
255	286
255	287
255	290
255	291
255	294
256	259
256	260
256	261
256	262
256	263
256	264
256	265
256	266
256	267
256	268
256	269
256	270
256	271
256	283
256	287
256	290
256	291
256	294
256	296
256	299
257	260
257	261
257	262
257	263
257	264
257	265
257	266
257	267
257	268
257	270
257	271
258	261
258	262
258	263
258	264
258	265
258	266
258	267
258	268
258	269
258	270
258	271
259	262
259	263
259	264
259	265
259	266
259	267
259	268
259	269
259	270
259	271
259	283
259	287
260	263
260	264
260	265
260	266
260	267
260	268
261	264
261	265
261	266
261	267
262	265
262	266
262	267
262	268
263	266
263	267
263	268
263	269
263	270
264	267
264	268
264	269
264	270
264	271
264	278
264	279
264	280
264	283
264	284
265	268
265	269
265	270
265	271
265	272
265	273
265	275
265	276
265	277
265	278
265	279
265	280
265	283
266	269
266	270
266	271
266	272
266	273
266	275
266	276
266	277
266	278
266	279
266	280
266	283
267	270
267	271
267	272
267	273
267	276
267	277
267	278
267	279
267	280
267	283
267	284
267	286
267	287
268	271
268	272
268	273
268	274
268	275
268	276
268	277
268	278
268	279
268	280
268	281
268	282
268	283
268	284
268	285
268	286
268	287
268	290
269	272
269	273
269	274
269	275
269	276
269	277
269	278
269	279
269	280
269	282
269	283
269	286
269	287
270	273
270	274
270	275
270	276
270	277
270	278
270	279
270	282
270	283
270	286
270	287
270	290
271	274
271	275
271	276
271	277
271	278
271	279
271	280
271	281
271	282
271	283
271	284
271	285
271	286
271	287
271	288
271	289
271	290
271	291
272	275
272	276
272	277
272	278
272	279
272	280
272	281
272	282
272	283
272	284
272	285
272	286
272	287
272	290
273	276
273	277
273	278
273	279
273	282
273	283
273	286
274	277
274	278
275	278
275	279
275	282
275	283
276	279
277	280
277	282
277	283
278	281
278	282
278	283
278	284
278	286
279	282
279	283
279	284
279	285
279	286
279	287
280	283
280	284
280	285
280	286
280	287
280	303
280	306
280	307
281	284
281	285
281	286
281	287
281	288
281	303
281	304
281	306
281	307
281	308
281	309
282	285
282	286
282	287
282	288
282	289
282	303
282	306
282	307
282	309
283	286
283	287
283	288
283	289
283	290
283	291
283	300
283	303
283	304
283	306
283	307
284	287
284	288
284	289
284	290
284	291
284	299
284	300
284	301
284	302
284	303
284	304
284	305
284	306
284	307
284	308
284	309
284	312
285	288
285	289
285	290
285	291
285	292
285	300
285	301
285	302
285	303
285	304
285	305
285	306
285	307
285	308
285	309
285	310
285	311
285	312
286	289
286	290
286	291
286	292
286	293
286	294
286	299
286	300
286	303
286	304
286	306
286	307
286	309
286	311
286	312
287	290
287	291
287	292
287	293
287	294
287	296
287	297
287	298
287	299
287	300
287	301
287	302
287	303
287	304
287	305
287	306
287	307
287	312
288	291
288	292
288	293
288	294
288	295
288	296
288	297
288	298
288	299
288	300
288	301
288	302
288	303
288	304
288	305
288	306
288	307
288	308
288	309
288	311
288	312
288	313
288	315
288	316
289	292
289	293
289	294
289	295
289	296
289	297
289	298
289	299
289	300
289	301
289	302
289	303
289	304
289	307
289	311
289	312
289	314
289	315
290	293
290	294
290	295
290	296
290	297
290	298
290	299
290	300
290	301
290	303
290	304
291	294
291	295
291	296
291	297
291	298
291	299
291	300
291	301
291	302
291	303
291	304
292	295
292	296
292	297
292	298
292	299
292	300
292	301
292	302
292	303
292	304
292	315
293	296
293	297
293	298
293	299
293	300
294	297
294	298
294	299
294	300
295	298
295	299
295	300
295	301
296	299
296	300
296	301
296	302
296	303
297	300
297	301
297	302
297	303
297	304
297	315
297	316
297	319
297	420
297	421
298	301
298	302
298	303
298	304
298	305
298	316
298	319
298	420
298	421
298	424
299	302
299	303
299	304
299	305
299	306
300	303
300	304
300	305
300	306
300	307
300	312
300	315
300	316
300	319
301	304
301	305
301	306
301	307
301	308
301	312
301	313
301	314
301	315
301	316
301	317
301	318
301	319
301	320
301	421
302	305
302	306
302	307
302	308
302	312
302	315
302	316
302	319
303	306
303	307
303	308
303	309
303	312
303	313
303	315
303	316
304	307
304	308
304	309
304	310
304	311
304	312
304	313
304	314
304	315
304	316
304	317
304	319
304	332
305	308
305	309
305	310
305	311
305	312
305	313
305	314
305	315
305	316
305	317
305	319
305	320
305	328
305	332
306	309
306	310
306	312
306	316
307	310
307	311
307	312
307	313
307	316
308	311
308	312
308	313
308	316
308	332
309	312
309	313
309	314
309	315
309	316
309	332
309	335
309	336
309	339
310	313
310	314
310	315
310	316
310	317
310	331
310	332
310	333
310	334
310	335
310	336
310	337
310	338
310	339
310	340
311	314
311	315
311	316
311	317
311	332
311	333
311	334
311	335
311	336
311	337
311	338
311	339
311	340
312	315
312	316
312	317
312	318
312	319
312	320
312	332
312	333
312	335
312	336
312	339
312	340
312	346
313	316
313	317
313	318
313	319
313	320
313	321
313	328
313	329
313	330
313	331
313	332
313	333
313	334
313	335
313	336
313	337
313	338
313	339
313	340
313	343
313	345
313	346
313	347
313	350
314	317
314	318
314	319
314	320
314	321
314	329
314	330
314	331
314	332
314	333
314	334
314	335
314	336
314	337
314	338
314	339
314	340
314	341
314	342
314	343
314	344
314	345
314	346
314	347
314	349
314	350
315	318
315	319
315	320
315	321
315	322
315	329
315	332
315	333
315	334
315	335
315	336
315	337
315	339
315	340
315	343
315	344
315	345
315	346
315	347
315	349
316	319
316	320
316	321
316	322
316	323
316	325
316	326
316	328
316	329
316	330
316	331
316	332
316	333
316	334
316	335
316	336
316	345
316	346
316	349
316	350
316	421
317	320
317	321
317	322
317	323
317	324
317	325
317	326
317	327
317	328
317	329
317	330
317	331
317	332
317	333
317	334
317	335
317	336
317	337
317	339
317	343
317	345
317	346
317	347
317	348
317	349
317	350
317	351
317	352
317	353
318	321
318	322
318	323
318	324
318	325
318	326
318	327
318	328
318	329
318	330
318	331
318	332
318	333
318	334
318	335
318	336
318	337
318	343
318	344
318	345
318	346
318	347
318	348
318	349
318	350
318	351
318	352
318	353
318	414
318	417
318	418
318	421
318	422
319	322
319	323
319	324
319	325
319	326
319	327
319	328
319	329
319	330
319	332
319	333
319	345
319	346
319	349
319	350
319	353
319	414
319	417
319	418
319	419
319	420
319	421
319	422
320	323
320	324
320	325
320	326
320	327
320	328
320	329
320	330
320	331
320	332
320	333
320	346
320	349
320	350
320	353
320	417
320	418
320	421
320	422
320	425
321	324
321	325
321	326
321	327
321	328
321	329
321	330
321	331
321	332
321	333
321	334
321	345
321	346
321	348
321	349
321	350
321	351
321	352
321	353
321	354
321	355
321	356
321	357
321	404
321	414
321	415
321	417
321	418
321	419
321	421
321	422
322	325
322	326
322	327
322	328
322	329
322	330
322	333
322	346
322	349
322	350
322	352
322	353
322	408
322	414
322	415
322	416
322	417
322	418
322	419
322	420
322	421
322	422
322	423
322	424
322	425
322	428
323	326
323	327
323	328
323	329
323	353
323	417
323	418
323	419
323	420
323	421
323	422
323	423
323	424
323	425
323	426
323	427
323	428
323	429
324	327
324	328
324	329
324	330
324	353
324	356
324	357
324	418
324	419
324	421
324	422
324	423
324	425
324	426
324	427
324	428
324	528
325	328
325	329
325	330
325	331
325	332
325	333
325	353
325	356
325	357
325	418
325	421
325	422
325	425
325	427
326	329
326	330
326	331
326	332
326	333
326	334
326	349
326	350
326	351
326	352
326	353
326	354
326	355
326	356
326	357
326	358
327	330
327	331
327	332
327	333
327	334
327	350
327	353
327	354
327	356
327	357
328	331
328	332
328	333
328	334
328	335
328	336
328	350
328	353
329	332
329	333
329	334
329	335
329	336
329	337
329	346
329	347
329	348
329	349
329	350
329	351
329	352
329	353
329	354
329	356
329	357
330	333
330	334
330	335
330	336
330	337
330	346
330	347
330	348
330	349
330	350
330	351
330	352
330	353
330	354
330	355
330	356
330	357
330	359
330	362
330	363
330	366
331	334
331	335
331	336
331	337
331	338
331	346
331	349
331	350
331	351
331	353
331	354
332	335
332	336
332	337
332	338
332	339
332	346
332	347
332	349
332	350
332	353
333	336
333	337
333	338
333	339
333	340
333	341
333	343
333	344
333	345
333	346
333	347
333	348
333	349
333	350
333	351
333	352
333	353
333	354
333	366
333	370
334	337
334	338
334	339
334	340
334	341
334	343
334	344
334	345
334	346
334	347
334	348
334	349
334	350
334	351
334	352
334	353
334	354
334	362
334	363
334	365
334	366
334	367
334	369
334	370
335	338
335	339
335	340
335	341
335	343
335	346
335	347
335	350
335	366
336	339
336	340
336	341
336	342
336	343
336	344
336	345
336	346
336	347
336	348
336	349
336	350
336	366
336	370
337	340
337	341
337	342
337	343
337	344
337	345
337	346
337	347
337	348
337	349
337	350
337	351
337	366
337	367
337	368
337	369
337	370
337	371
337	372
337	373
337	374
338	341
338	342
338	343
338	344
338	346
338	347
338	350
338	366
338	369
338	370
338	373
339	342
339	343
339	344
339	346
339	347
340	343
340	344
340	345
340	346
340	347
340	369
340	370
340	373
340	374
341	344
341	345
341	346
341	347
341	348
341	366
341	369
341	370
341	371
341	372
341	373
341	374
341	375
342	345
342	346
342	347
342	348
342	367
342	369
342	370
342	371
342	372
342	373
342	374
342	375
342	376
342	377
342	380
343	346
343	347
343	348
343	349
343	350
343	369
343	370
343	371
343	373
343	374
343	375
343	376
343	377
343	379
343	380
344	347
344	348
344	349
344	350
344	351
344	352
344	366
344	367
344	369
344	370
344	371
344	372
344	373
344	374
344	375
344	376
344	377
344	378
344	379
344	380
344	381
344	383
345	348
345	349
345	350
345	351
345	352
345	370
345	374
345	377
345	378
345	379
345	380
345	383
345	414
345	417
346	349
346	350
346	351
346	352
346	353
346	354
346	366
346	367
346	370
346	377
346	379
346	380
346	383
347	350
347	351
347	352
347	353
347	354
347	363
347	365
347	366
347	367
347	368
347	369
347	370
347	371
347	372
347	373
347	374
347	375
347	377
347	378
347	379
347	380
347	381
347	382
347	383
347	384
348	351
348	352
348	353
348	354
348	355
348	363
348	366
348	367
348	368
348	369
348	370
348	371
348	374
348	375
348	377
348	378
348	379
348	380
348	381
348	382
348	383
348	384
348	386
348	387
348	404
348	407
348	408
348	414
349	352
349	353
349	354
349	355
349	356
349	363
349	366
349	367
349	370
349	379
349	380
349	382
349	383
349	384
349	404
349	407
349	408
349	414
349	417
349	418
350	353
350	354
350	355
350	356
350	357
350	359
350	362
350	363
350	364
350	365
350	366
350	367
350	369
350	370
350	379
350	380
350	383
350	384
350	404
351	354
351	355
351	356
351	357
351	358
351	359
351	360
351	361
351	362
351	363
351	364
351	365
351	366
351	367
351	368
351	369
351	370
351	371
351	379
351	380
351	381
351	382
351	383
351	384
351	385
351	386
351	387
351	400
351	401
351	403
351	404
351	407
352	355
352	356
352	357
352	358
352	359
352	360
352	362
352	363
352	364
352	366
352	367
352	379
352	380
352	381
352	382
352	383
352	384
352	385
352	386
352	387
352	397
352	400
352	401
352	402
352	403
352	404
352	405
352	406
352	407
352	408
353	356
353	357
353	358
353	359
353	360
353	362
353	363
353	366
353	383
353	386
353	387
353	397
353	400
353	401
353	403
353	404
353	405
354	357
354	358
354	359
354	360
354	361
354	362
354	363
354	364
354	365
354	366
354	367
354	383
354	384
354	386
354	387
354	390
354	397
354	400
354	401
354	404
355	358
355	359
355	360
355	361
355	362
355	363
355	364
355	366
355	367
355	382
355	383
355	384
355	385
355	386
355	387
355	388
355	389
355	390
355	391
355	395
355	396
355	397
355	398
355	399
355	400
355	401
355	402
355	403
355	404
355	405
355	407
356	359
356	360
356	362
356	363
356	383
356	386
356	387
356	390
356	396
356	397
356	398
356	399
356	400
356	401
356	402
356	403
356	404
356	405
356	407
357	360
357	361
357	362
357	363
357	387
357	396
357	397
357	398
357	399
357	400
357	401
357	402
357	404
358	361
358	362
358	363
358	364
358	386
358	387
358	390
358	391
358	394
358	395
358	396
358	397
358	398
358	399
358	400
358	401
358	402
358	403
358	404
359	362
359	363
359	364
359	365
359	366
359	387
359	390
359	391
359	396
359	397
359	400
359	401
360	363
360	364
360	365
360	366
360	367
360	383
360	384
360	386
360	387
360	388
360	389
360	390
360	391
360	392
360	394
360	395
360	396
360	397
360	400
361	364
361	365
361	366
361	367
361	368
361	387
361	388
361	390
361	391
362	365
362	366
362	367
362	368
362	369
362	370
362	384
362	387
363	366
363	367
363	368
363	369
363	370
363	371
363	380
363	383
363	384
363	385
363	386
363	387
363	388
363	390
363	391
363	400
364	367
364	368
364	369
364	370
364	371
364	380
364	381
364	383
364	384
364	385
364	386
364	387
364	388
364	390
364	391
365	368
365	369
365	370
365	371
365	372
365	384
365	387
366	369
366	370
366	371
366	372
366	373
366	380
366	381
366	383
366	384
366	387
367	370
367	371
367	372
367	373
367	374
367	375
367	377
367	378
367	379
367	380
367	381
367	382
367	383
367	384
367	385
367	386
367	387
367	388
368	371
368	372
368	373
368	374
368	375
368	380
368	381
368	383
368	384
368	387
369	372
369	373
369	374
369	375
369	380
369	384
370	373
370	374
370	375
370	376
370	377
370	378
370	379
370	380
370	381
370	383
370	384
371	374
371	375
371	376
371	377
371	378
371	379
371	380
371	381
371	382
371	383
371	384
372	375
372	376
372	377
372	380
372	381
373	376
373	377
373	380
374	377
374	378
374	379
374	380
374	381
375	378
375	379
375	380
375	381
375	382
375	384
376	379
376	380
376	381
376	382
377	380
377	381
377	382
377	383
377	384
378	381
378	382
378	383
378	384
378	385
378	407
378	411
379	382
379	383
379	384
379	385
379	386
379	404
379	407
379	408
379	410
379	411
379	414
380	383
380	384
380	385
380	386
380	387
380	407
381	384
381	385
381	386
381	387
381	388
381	407
382	385
382	386
382	387
382	388
382	389
382	403
382	404
382	406
382	407
382	408
382	410
383	386
383	387
383	388
383	389
383	390
383	400
383	401
383	403
383	404
383	405
383	406
383	407
383	408
384	387
384	388
384	389
384	390
384	391
384	400
384	403
384	404
384	407
385	388
385	389
385	390
385	391
385	392
385	400
385	403
385	404
385	407
386	389
386	390
386	391
386	392
386	393
386	394
386	395
386	397
386	399
386	400
386	401
386	402
386	403
386	404
386	405
386	406
386	407
387	390
387	391
387	392
387	393
387	394
387	395
387	396
387	397
387	399
387	400
387	401
387	403
387	404
388	391
388	392
388	393
388	394
388	395
388	400
388	403
389	392
389	393
389	394
389	395
389	396
389	397
389	399
389	400
389	403
390	393
390	394
390	395
390	396
390	397
390	398
390	399
390	400
390	401
390	402
390	403
390	404
391	394
391	395
391	396
391	397
391	399
391	400
392	395
392	396
393	396
393	397
393	399
393	400
394	397
394	398
394	399
394	400
395	398
395	399
395	400
395	401
395	402
395	403
396	399
396	400
396	401
396	402
396	403
397	400
397	401
397	402
397	403
397	404
398	401
398	402
398	403
398	404
398	405
399	402
399	403
399	404
399	405
399	406
400	403
400	404
400	405
400	406
400	407
401	404
401	405
401	406
401	407
401	408
402	405
402	406
402	407
402	408
402	409
403	406
403	407
403	408
403	409
403	410
404	407
404	408
404	409
404	410
404	411
404	414
404	415
404	418
405	408
405	409
405	410
405	411
405	412
405	414
405	415
405	416
405	418
405	419
406	409
406	410
406	411
406	412
406	414
406	415
407	410
407	411
407	412
407	413
407	414
407	415
408	411
408	412
408	413
408	414
408	415
408	416
408	417
408	418
408	419
409	412
409	413
409	414
409	415
409	416
409	417
409	418
409	419
410	413
410	414
410	415
410	416
411	414
411	415
411	416
411	417
411	418
412	415
412	416
412	417
412	418
412	419
412	420
413	416
413	417
413	418
413	419
413	420
414	417
414	418
414	419
414	420
414	421
415	418
415	419
415	420
415	421
415	422
416	419
416	420
416	421
416	422
416	423
417	420
417	421
417	422
417	423
418	421
418	422
418	423
418	424
418	425
418	428
419	422
419	423
419	424
419	425
419	428
419	429
420	423
420	424
420	425
420	428
420	429
421	424
421	425
421	426
421	427
421	428
421	429
422	425
422	426
422	427
422	428
422	429
422	430
423	426
423	427
423	428
423	429
423	430
423	431
423	432
424	427
424	428
424	429
424	430
424	431
424	432
424	433
424	462
425	428
425	429
425	430
425	431
425	432
425	433
425	462
425	463
425	497
425	498
426	429
426	430
426	431
426	432
426	433
426	434
426	435
426	436
426	459
426	461
426	462
426	463
426	465
426	466
426	495
426	496
426	497
426	498
426	499
426	500
426	528
427	430
427	431
427	432
427	433
427	462
427	463
427	495
427	496
427	497
427	498
427	499
427	500
427	501
427	525
427	527
427	528
427	529
428	431
428	432
428	433
428	497
428	498
428	499
428	500
428	525
428	527
428	528
428	529
428	530
429	432
429	433
429	434
429	435
429	436
429	497
429	498
429	499
429	500
429	528
429	529
430	433
430	434
430	435
430	436
430	459
430	462
430	463
430	465
430	466
430	469
430	470
430	473
430	495
430	496
430	497
430	498
430	499
430	500
430	501
430	502
430	503
430	525
430	528
430	529
431	434
431	435
431	436
431	437
431	438
431	459
431	466
431	469
431	470
431	473
431	498
431	499
431	500
431	501
431	503
431	529
432	435
432	436
432	437
432	438
432	439
432	455
432	456
432	458
432	459
432	460
432	462
432	463
432	465
432	466
432	467
432	469
432	470
432	498
432	499
432	500
433	436
433	437
433	438
433	439
433	440
433	455
433	456
433	457
433	458
433	459
433	460
433	461
433	462
433	463
433	464
433	465
433	466
433	467
433	468
433	469
433	470
433	471
433	472
433	473
433	495
433	498
433	499
433	500
433	501
434	437
434	438
434	439
434	440
434	441
434	455
434	456
434	458
434	459
434	460
434	462
434	463
434	465
434	466
434	467
434	468
434	469
434	470
434	471
434	472
434	473
434	474
434	498
434	500
434	501
434	569
435	438
435	439
435	440
435	441
435	442
435	455
435	456
435	458
435	459
435	460
435	462
435	466
435	467
435	469
435	470
435	471
435	473
436	439
436	440
436	441
436	442
436	443
436	451
436	452
436	453
436	454
436	455
436	456
436	457
436	458
436	459
436	460
436	461
436	462
436	463
436	466
436	467
436	468
436	469
436	470
437	440
437	441
437	442
437	443
437	444
437	451
437	452
437	453
437	454
437	455
437	456
437	457
437	458
437	459
437	460
437	461
437	462
437	463
437	465
437	466
437	467
437	468
437	469
437	470
437	471
437	473
438	441
438	442
438	443
438	444
438	445
438	452
438	453
438	455
438	456
438	458
438	459
438	466
438	467
438	469
438	470
438	471
438	473
438	474
438	569
438	572
438	573
438	576
439	442
439	443
439	444
439	445
439	446
439	448
439	449
439	451
439	452
439	453
439	454
439	455
439	456
439	457
439	458
439	459
439	467
439	470
439	576
440	443
440	444
440	445
440	446
440	447
440	448
440	449
440	450
440	451
440	452
440	453
440	454
440	455
440	456
440	457
440	458
440	459
440	460
440	467
440	470
440	576
441	444
441	445
441	446
441	447
441	448
441	449
441	450
441	451
441	452
441	453
441	454
441	455
441	456
441	457
441	459
441	467
441	470
441	471
441	572
441	573
441	575
441	576
441	577
441	579
442	445
442	446
442	447
442	448
442	449
442	451
442	452
442	453
442	455
442	456
442	572
442	573
442	574
442	575
442	576
442	577
442	578
442	579
442	580
443	446
443	447
443	448
443	449
443	450
443	451
443	452
443	453
443	454
443	455
443	456
443	576
443	579
443	580
444	447
444	448
444	449
444	450
444	451
444	452
444	453
444	454
444	455
444	456
444	576
444	577
444	579
444	580
445	448
445	449
445	450
445	451
445	452
445	453
445	572
445	573
445	574
445	575
445	576
445	577
445	578
445	579
445	580
445	581
445	582
446	449
446	450
446	451
446	452
446	575
446	576
446	577
446	578
446	579
446	580
446	581
446	582
447	450
447	451
447	452
447	453
447	576
447	577
447	579
447	580
448	451
448	452
448	453
448	454
448	455
448	580
449	452
449	453
449	454
449	455
449	456
450	453
450	454
450	455
450	456
450	457
451	454
451	455
451	456
451	457
451	458
452	455
452	456
452	457
452	458
452	459
453	456
453	457
453	458
453	459
453	460
454	457
454	458
454	459
454	460
454	461
454	462
455	458
455	459
455	460
455	461
455	462
455	466
455	467
456	459
456	460
456	461
456	462
456	463
456	464
456	465
456	466
456	467
456	468
456	469
456	470
457	460
457	461
457	462
457	463
457	464
457	465
457	466
457	467
458	461
458	462
458	463
458	464
458	465
458	466
458	467
459	462
459	463
459	464
459	465
459	466
459	467
459	468
459	469
459	470
460	463
460	464
460	465
460	466
460	467
460	468
460	469
460	470
461	464
461	465
461	466
461	467
462	465
462	466
462	467
462	495
463	466
463	467
463	468
463	469
463	470
463	491
463	492
463	494
463	495
463	496
463	497
463	498
464	467
464	468
464	469
464	470
464	490
464	491
464	492
464	493
464	494
464	495
465	468
465	469
465	470
465	471
465	472
465	473
465	487
465	488
465	489
465	490
465	491
465	492
465	493
465	494
465	495
465	496
465	497
465	498
465	501
466	469
466	470
466	471
466	472
466	473
466	488
466	491
466	492
466	494
466	495
466	498
466	500
466	501
467	470
467	471
467	472
467	473
467	474
467	487
467	491
468	471
468	472
468	473
468	474
468	475
468	483
468	484
468	486
468	487
468	488
468	489
468	490
468	491
468	492
468	494
468	495
468	501
469	472
469	473
469	474
469	475
469	476
469	484
469	487
469	488
469	489
469	490
469	491
469	492
469	494
469	495
469	498
469	499
469	500
469	501
469	502
469	504
469	505
470	473
470	474
470	475
470	476
470	477
470	484
470	487
470	488
470	491
470	500
470	501
470	504
470	569
471	474
471	475
471	476
471	477
471	478
471	480
471	483
471	484
471	487
471	488
471	491
471	500
471	501
471	504
471	569
471	570
472	475
472	476
472	477
472	478
472	479
472	480
472	481
472	482
472	483
472	484
472	485
472	486
472	487
472	488
472	489
472	490
472	491
472	492
472	500
472	501
472	502
472	503
472	504
472	505
472	507
472	508
472	569
473	476
473	477
473	478
473	479
473	480
473	481
473	483
473	484
473	485
473	487
473	488
473	491
473	499
473	500
473	501
473	502
473	503
473	504
473	505
473	506
473	507
473	508
473	564
473	565
473	566
473	567
473	568
473	569
474	477
474	478
474	479
474	480
474	481
474	483
474	484
474	488
474	500
474	501
474	504
474	505
474	507
474	508
474	564
474	565
474	566
474	567
474	568
474	569
474	570
474	571
474	572
474	573
475	478
475	479
475	480
475	481
475	482
475	483
475	484
475	485
475	486
475	487
475	488
475	501
475	504
475	505
475	507
475	508
475	511
475	566
475	567
475	568
475	569
475	570
476	479
476	480
476	481
476	482
476	483
476	484
476	485
476	486
476	487
476	488
476	500
476	501
476	502
476	503
476	504
476	505
476	506
476	507
476	508
476	509
476	510
476	511
476	512
476	564
476	565
476	566
476	567
476	568
476	569
477	480
477	481
477	483
477	484
477	503
477	504
477	505
477	506
477	507
477	508
477	509
477	510
477	511
477	538
477	557
477	560
477	561
477	563
477	564
477	565
477	566
477	567
477	568
477	569
477	570
477	571
477	592
477	593
478	481
478	482
478	483
478	484
478	504
478	507
478	508
478	511
478	561
478	564
478	565
478	566
478	567
478	568
478	569
478	570
478	571
478	589
478	592
478	593
479	482
479	483
479	484
479	485
479	504
479	505
479	507
479	508
479	509
479	510
479	511
479	512
479	565
479	566
479	567
479	569
479	592
480	483
480	484
480	485
480	486
480	487
480	488
480	504
480	505
480	507
480	508
480	509
480	511
480	512
480	566
480	567
481	484
481	485
481	486
481	487
481	488
481	489
481	504
481	505
481	506
481	507
481	508
481	509
481	510
481	511
481	512
481	513
481	514
482	485
482	486
482	487
482	488
482	489
482	505
482	508
482	509
482	511
482	512
483	486
483	487
483	488
483	489
483	490
483	491
483	505
483	508
484	487
484	488
484	489
484	490
484	491
484	492
484	501
484	502
484	504
484	505
484	506
484	507
484	508
484	509
484	511
484	512
485	488
485	489
485	490
485	491
485	492
485	501
485	502
485	504
485	505
485	506
485	507
485	508
485	509
485	510
485	511
485	512
485	514
485	517
485	518
486	489
486	490
486	491
486	492
486	493
486	505
486	508
486	509
487	490
487	491
487	492
487	493
487	494
487	495
487	501
487	504
487	505
487	508
488	491
488	492
488	493
488	494
488	495
488	496
488	498
488	499
488	500
488	501
488	502
488	503
488	504
488	505
488	506
488	507
488	508
488	509
488	521
489	492
489	493
489	494
489	495
489	496
489	501
489	502
489	504
489	505
489	506
489	508
489	517
489	521
490	493
490	494
490	495
490	496
490	501
490	502
490	505
491	494
491	495
491	496
491	497
491	498
491	499
491	500
491	501
491	502
491	504
491	505
492	495
492	496
492	497
492	498
492	499
492	500
492	501
492	502
492	503
492	504
492	505
492	521
492	524
492	525
493	496
493	497
493	498
493	501
493	502
494	497
494	498
494	501
495	498
495	499
495	500
495	501
495	502
496	499
496	500
496	501
496	502
496	521
496	524
496	525
496	528
497	500
497	501
497	502
497	503
497	521
497	524
497	525
497	526
497	527
497	528
497	529
498	501
498	502
498	503
498	504
498	505
498	521
498	522
498	524
498	525
498	526
498	527
498	528
498	529
499	502
499	503
499	504
499	505
499	506
499	521
499	522
499	523
499	524
499	525
499	526
499	527
499	528
499	529
499	530
499	531
499	532
499	535
500	503
500	504
500	505
500	506
500	507
500	508
500	521
500	522
500	524
500	525
500	526
500	527
500	528
500	529
500	530
500	532
500	534
500	535
501	504
501	505
501	506
501	507
501	508
501	521
501	522
501	524
501	525
501	526
501	528
501	529
502	505
502	506
502	507
502	508
502	509
502	517
502	518
502	519
502	520
502	521
502	522
502	523
502	524
502	525
502	526
502	527
502	528
502	529
502	535
503	506
503	507
503	508
503	509
503	510
503	517
503	518
503	519
503	520
503	521
503	522
503	523
503	524
503	525
503	526
503	527
503	528
503	529
503	530
503	531
503	532
503	533
503	534
503	535
503	536
503	537
503	538
503	539
504	507
504	508
504	509
504	510
504	511
504	517
504	518
504	519
504	521
504	522
504	524
504	525
504	534
504	535
504	538
504	539
504	564
504	566
505	508
505	509
505	510
505	511
505	512
505	513
505	514
505	515
505	516
505	517
505	518
505	519
505	520
505	521
505	522
505	523
505	524
505	525
505	535
505	538
505	539
506	509
506	510
506	511
506	512
506	513
506	514
506	515
506	516
506	517
506	518
506	519
506	520
506	521
506	522
506	523
506	524
506	525
506	526
506	534
506	535
506	536
506	537
506	538
506	539
506	540
506	541
506	542
507	510
507	511
507	512
507	513
507	514
507	515
507	517
507	518
507	519
507	520
507	521
507	522
507	525
507	534
507	535
507	536
507	537
507	538
507	539
507	540
507	541
507	542
507	557
507	560
507	561
507	564
507	566
508	511
508	512
508	513
508	514
508	515
508	517
508	518
508	519
508	521
508	522
508	538
508	539
508	541
508	542
508	566
509	512
509	513
509	514
509	515
509	516
509	517
509	518
509	519
509	520
509	521
509	522
509	538
509	539
509	541
509	542
509	545
510	513
510	514
510	515
510	516
510	517
510	518
510	519
510	520
510	521
510	522
510	535
510	537
510	538
510	539
510	540
510	541
510	542
510	543
510	544
510	545
510	546
510	553
510	556
510	557
510	560
511	514
511	515
511	517
511	518
511	538
511	539
511	541
511	542
511	545
511	553
511	554
511	556
511	557
511	560
511	566
512	515
512	516
512	517
512	518
512	541
512	542
512	545
513	516
513	517
513	518
513	519
513	538
513	539
513	541
513	542
513	543
513	544
513	545
513	546
513	547
513	548
513	549
513	550
513	553
513	557
514	517
514	518
514	519
514	520
514	521
514	539
514	541
514	542
514	543
514	544
514	545
514	546
514	548
515	518
515	519
515	520
515	521
515	522
515	538
515	539
515	540
515	541
515	542
515	543
515	544
515	545
515	546
515	547
515	548
516	519
516	520
516	521
516	522
516	523
516	539
516	542
516	543
516	545
516	546
517	520
517	521
517	522
517	523
517	524
517	539
517	542
517	545
517	546
518	521
518	522
518	523
518	524
518	525
518	535
518	538
518	539
518	540
518	541
518	542
518	543
518	545
518	546
519	522
519	523
519	524
519	525
519	526
519	535
519	536
519	538
519	539
519	540
519	541
519	542
519	543
519	544
519	545
519	546
520	523
520	524
520	525
520	526
520	527
520	539
520	542
521	524
521	525
521	526
521	527
521	528
521	535
521	538
521	539
521	542
522	525
522	526
522	527
522	528
522	529
522	530
522	531
522	532
522	534
522	535
522	536
522	537
522	538
522	539
522	540
522	542
522	543
523	526
523	527
523	528
523	529
523	530
523	535
523	536
523	539
524	527
524	528
524	529
524	530
524	535
525	528
525	529
525	530
525	531
525	532
525	535
525	536
525	539
526	529
526	530
526	531
526	532
526	533
526	534
526	535
526	536
526	539
527	530
527	531
527	532
528	531
528	532
529	532
529	533
529	534
529	535
529	536
530	533
530	534
530	535
530	536
531	534
531	535
531	536
531	537
532	535
532	536
532	537
532	538
532	539
532	563
532	564
533	536
533	537
533	538
533	539
533	540
533	559
533	560
533	562
533	563
533	564
534	537
534	538
534	539
534	540
534	541
534	556
534	557
534	559
534	560
534	561
534	562
534	563
534	564
534	565
535	538
535	539
535	540
535	541
535	542
535	556
535	559
535	560
535	561
535	563
535	564
536	539
536	540
536	541
536	542
536	543
536	556
536	559
536	560
536	563
536	564
537	540
537	541
537	542
537	543
537	544
537	553
537	555
537	556
537	557
537	558
537	559
537	560
537	561
537	562
537	563
537	564
538	541
538	542
538	543
538	544
538	545
538	553
538	555
538	556
538	557
538	558
538	559
538	560
538	561
538	562
538	563
538	564
539	542
539	543
539	544
539	545
539	546
539	553
539	556
539	557
539	559
539	560
540	543
540	544
540	545
540	546
540	547
540	549
540	552
540	553
540	554
540	555
540	556
540	557
540	558
540	559
540	560
541	544
541	545
541	546
541	547
541	548
541	549
541	550
541	551
541	552
541	553
541	554
541	555
541	556
541	557
541	558
541	559
541	560
541	561
542	545
542	546
542	547
542	548
542	549
542	550
542	552
542	553
542	554
542	556
542	557
542	560
543	546
543	547
543	548
543	549
543	550
543	552
543	553
543	556
544	547
544	548
544	549
544	550
544	551
544	552
544	553
544	554
544	555
544	556
544	557
545	548
545	549
545	550
545	551
545	552
545	553
545	554
545	556
545	557
546	549
546	550
546	552
546	553
547	550
547	551
547	552
547	553
548	551
548	552
548	553
548	554
549	552
549	553
549	554
549	555
549	556
550	553
550	554
550	555
550	556
550	557
551	554
551	555
551	556
551	557
551	558
552	555
552	556
552	557
552	558
552	559
553	556
553	557
553	558
553	559
553	560
554	557
554	558
554	559
554	560
554	561
555	558
555	559
555	560
555	561
555	562
556	559
556	560
556	561
556	562
556	563
557	560
557	561
557	562
557	563
557	564
557	565
557	566
558	561
558	562
558	563
558	564
558	565
558	566
558	594
559	562
559	563
559	564
559	565
559	566
560	563
560	564
560	565
560	566
560	567
561	564
561	565
561	566
561	567
561	568
561	593
561	594
562	565
562	566
562	567
562	568
562	594
562	597
563	566
563	567
563	568
564	567
564	568
564	569
564	571
565	568
565	569
565	570
565	571
565	572
565	592
565	593
565	594
565	597
566	569
566	570
566	571
566	572
566	592
566	593
566	594
567	570
567	571
567	572
567	573
567	574
567	589
567	590
567	591
567	592
567	593
567	594
567	595
567	597
567	599
567	600
568	571
568	572
568	573
568	574
568	575
568	589
568	590
568	592
568	593
568	594
568	597
568	599
568	600
569	572
569	573
569	574
569	575
569	576
569	589
569	590
569	592
569	593
570	573
570	574
570	575
570	576
570	577
570	585
570	586
570	587
570	588
570	589
570	590
570	591
570	592
570	593
570	594
570	599
570	600
570	603
571	574
571	575
571	576
571	577
571	578
571	585
571	586
571	587
571	588
571	589
571	590
571	591
571	592
571	593
571	594
571	595
571	597
571	598
571	599
571	600
571	601
571	602
571	603
571	604
572	575
572	576
572	577
572	578
572	579
572	586
572	589
572	590
572	592
572	593
572	599
572	600
572	603
573	576
573	577
573	578
573	579
573	580
573	581
573	582
573	583
573	585
573	586
573	587
573	588
573	589
573	590
573	591
573	592
573	593
573	599
573	600
573	603
574	577
574	578
574	579
574	580
574	581
574	582
574	583
574	584
574	585
574	586
574	587
574	588
574	589
574	590
574	591
574	592
574	593
574	599
574	600
574	601
574	602
574	603
574	604
574	606
574	607
575	578
575	579
575	580
575	581
575	582
575	583
575	585
575	586
575	587
575	589
575	590
575	593
575	599
575	600
575	601
575	602
575	603
575	604
575	606
575	607
576	579
576	580
576	581
576	582
576	583
576	585
576	586
576	589
576	590
576	603
577	580
577	581
577	582
577	583
577	584
577	585
577	586
577	587
577	588
577	589
577	590
577	603
577	604
577	606
577	607
578	581
578	582
578	583
578	584
578	585
578	586
578	587
578	589
578	590
578	599
578	600
578	602
578	603
578	604
578	605
578	606
578	607
578	608
578	609
578	610
579	582
579	583
579	585
579	586
579	603
579	606
579	607
580	583
580	584
580	585
580	586
580	606
580	607
580	610
581	584
581	585
581	586
581	587
581	603
581	604
581	606
581	607
581	608
581	609
581	610
581	611
582	585
582	586
582	587
582	588
582	589
582	603
582	604
582	606
582	607
582	608
582	609
582	610
582	611
583	586
583	587
583	588
583	589
583	590
583	603
583	604
583	605
583	606
583	607
583	608
583	609
583	610
583	611
583	612
583	613
583	747
584	587
584	588
584	589
584	590
584	591
584	604
584	606
584	607
584	608
584	609
584	610
584	611
584	612
584	747
585	588
585	589
585	590
585	591
585	603
585	604
585	607
585	610
585	611
586	589
586	590
586	591
586	592
586	593
586	600
586	602
586	603
586	604
586	605
586	606
586	607
586	608
586	610
586	611
587	590
587	591
587	592
587	593
587	600
587	601
587	603
587	604
587	605
587	606
587	607
587	608
587	609
587	610
587	611
587	613
587	616
588	591
588	592
588	593
588	600
588	603
588	604
588	607
588	683
588	686
588	687
589	592
589	593
589	594
589	595
589	600
589	603
589	604
589	607
590	593
590	594
590	595
590	596
590	597
590	598
590	599
590	600
590	601
590	602
590	603
590	604
590	605
590	606
590	607
590	608
590	620
591	594
591	595
591	596
591	597
591	600
591	601
591	603
591	604
591	607
591	682
591	683
591	684
591	686
591	687
592	595
592	596
592	597
592	600
592	604
592	683
592	686
592	687
593	596
593	597
593	598
593	599
593	600
593	601
593	603
593	604
593	687
594	597
594	598
594	599
594	600
594	601
594	604
595	598
595	599
595	600
595	601
595	602
595	603
595	604
595	619
595	620
595	623
595	624
596	599
596	600
596	601
596	602
596	603
596	604
596	619
596	620
596	621
596	622
596	623
596	624
596	625
596	626
596	627
597	600
597	601
597	602
597	603
597	604
597	620
597	621
597	623
597	624
597	627
597	628
598	601
598	602
598	603
598	604
598	605
598	620
598	621
598	622
598	623
598	624
598	625
598	626
598	627
598	628
598	631
598	632
598	633
598	634
599	602
599	603
599	604
599	605
599	606
599	620
599	621
599	623
599	624
599	631
599	633
599	634
600	603
600	604
600	605
600	606
600	607
600	608
600	617
600	620
600	621
600	623
600	624
600	633
600	634
601	604
601	605
601	606
601	607
601	608
601	616
601	617
601	618
601	619
601	620
601	621
601	622
601	623
601	624
601	625
601	626
601	627
601	631
601	633
601	634
601	637
602	605
602	606
602	607
602	608
602	609
602	616
602	617
602	618
602	619
602	620
602	621
602	622
602	623
602	624
602	625
602	631
602	632
602	633
602	634
602	635
602	636
602	637
602	638
602	640
603	606
603	607
603	608
603	609
603	610
603	616
603	617
603	620
603	621
603	624
603	633
603	634
603	637
604	607
604	608
604	609
604	610
604	611
604	612
604	613
604	614
604	615
604	616
604	617
604	618
604	619
604	620
604	621
604	623
604	624
604	634
604	637
605	608
605	609
605	610
605	611
605	612
605	613
605	614
605	615
605	616
605	617
605	618
605	619
605	620
605	621
605	622
605	623
605	624
605	633
605	634
605	635
605	636
605	637
605	638
605	639
605	640
605	641
605	644
606	609
606	610
606	611
606	612
606	613
606	614
606	616
606	617
606	618
606	619
606	620
606	621
606	633
606	634
606	636
606	637
606	638
606	640
606	641
606	644
607	610
607	611
607	612
607	613
607	614
607	615
607	616
607	617
607	618
607	620
607	621
607	637
607	641
608	611
608	612
608	613
608	614
608	615
608	616
608	617
608	618
608	619
608	620
608	621
608	637
608	640
608	641
608	644
609	612
609	613
609	614
609	615
609	616
609	617
609	618
609	619
609	620
609	621
609	637
609	638
609	639
609	640
609	641
609	642
609	643
609	644
609	645
609	747
609	748
609	749
609	765
609	766
610	613
610	614
610	616
610	617
610	640
610	641
610	644
610	747
610	748
610	749
610	750
610	766
611	614
611	615
611	616
611	617
611	644
611	746
611	747
611	748
611	749
612	615
612	616
612	617
612	618
612	641
612	644
612	645
612	746
612	747
612	748
612	749
612	750
612	762
612	765
612	766
613	616
613	617
613	618
613	619
613	620
613	641
613	644
613	645
613	747
613	749
614	617
614	618
614	619
614	620
614	621
614	637
614	638
614	640
614	641
614	642
614	643
614	644
614	645
614	646
614	651
615	618
615	619
615	620
615	621
615	622
615	641
615	642
615	644
615	645
615	655
615	671
615	672
615	675
615	676
615	679
616	619
616	620
616	621
616	622
616	623
616	637
616	638
616	641
616	672
616	675
616	676
616	679
617	620
617	621
617	622
617	623
617	624
617	634
617	636
617	637
617	638
617	639
617	640
617	641
617	642
617	643
617	644
617	645
618	621
618	622
618	623
618	624
618	625
618	634
618	635
618	637
618	638
618	639
618	640
618	641
618	642
618	644
618	645
619	622
619	623
619	624
619	625
619	626
619	634
619	637
619	638
619	641
619	672
619	676
620	623
620	624
620	625
620	626
620	627
620	633
620	634
620	635
620	637
620	638
620	641
621	624
621	625
621	626
621	627
621	628
621	629
621	631
621	632
621	633
621	634
621	635
621	636
621	637
621	638
621	639
621	640
621	641
621	642
622	625
622	626
622	627
622	628
622	629
622	631
622	633
622	634
622	635
622	637
622	638
622	641
623	626
623	627
623	628
623	629
623	631
623	633
623	634
623	635
623	637
623	638
624	627
624	628
624	629
624	630
624	631
624	632
624	633
624	634
624	635
624	636
624	637
624	638
625	628
625	629
625	630
625	631
625	632
625	633
625	634
625	635
625	636
625	637
625	638
626	629
626	630
626	631
626	634
626	635
627	630
627	631
627	632
627	634
628	631
628	632
628	633
628	634
628	635
629	632
629	633
629	634
629	635
630	633
630	634
630	635
630	636
631	634
631	635
631	636
631	637
631	638
632	635
632	636
632	637
632	638
632	639
633	636
633	637
633	638
633	639
633	640
633	641
634	637
634	638
634	639
634	640
634	641
635	638
635	639
635	640
635	641
635	642
636	639
636	640
636	641
636	642
636	643
637	640
637	641
637	642
637	643
637	644
638	641
638	642
638	643
638	644
638	645
639	642
639	643
639	644
639	645
639	646
639	648
639	765
640	643
640	644
640	645
640	646
640	648
640	765
640	766
641	644
641	645
641	646
641	647
641	648
641	651
641	765
641	766
642	645
642	646
642	647
642	648
642	649
642	650
642	651
642	652
642	761
642	762
642	764
642	765
642	766
643	646
643	647
643	648
643	649
643	651
643	761
643	762
643	763
643	764
643	765
643	766
643	767
643	768
644	647
644	648
644	651
644	749
644	750
644	751
644	761
644	762
644	763
644	764
644	765
644	766
644	767
645	648
645	649
645	650
645	651
645	652
645	653
645	654
645	655
645	760
645	761
645	762
645	763
645	764
645	765
645	766
646	649
646	650
646	651
646	652
646	653
646	751
646	754
646	759
646	760
646	761
646	762
646	763
646	764
646	765
646	766
646	767
647	650
647	651
647	652
647	653
647	654
647	759
647	760
647	761
647	762
647	763
647	764
647	765
647	766
648	651
648	652
648	653
648	654
648	655
648	761
648	762
648	764
648	765
649	652
649	653
649	654
649	655
649	656
649	761
650	653
650	654
650	655
650	656
650	657
650	760
650	761
650	762
651	654
651	655
651	656
651	657
651	658
651	761
651	762
651	765
652	655
652	656
652	657
652	658
652	659
653	656
653	657
653	658
653	659
653	660
654	657
654	658
654	659
654	660
654	661
655	658
655	659
655	660
655	661
655	662
655	670
655	671
655	672
656	659
656	660
656	661
656	662
656	663
656	668
656	669
656	670
657	660
657	661
657	662
657	663
657	669
657	670
658	661
658	662
658	663
658	668
658	669
658	670
658	671
658	672
659	662
659	663
659	664
659	667
659	668
659	669
659	670
659	671
659	672
660	663
660	664
660	665
660	666
660	667
660	668
660	669
660	670
661	664
661	665
661	667
661	668
661	669
661	670
661	671
662	665
662	666
662	667
662	668
662	669
662	670
662	671
663	666
663	667
663	668
663	669
663	670
663	671
664	667
664	668
664	669
664	670
665	668
665	669
666	669
667	670
668	671
668	672
668	673
669	672
669	673
669	674
669	703
669	704
670	673
670	674
670	675
670	676
670	703
670	704
671	674
671	675
671	676
671	677
671	678
671	700
671	703
671	704
671	706
671	707
672	675
672	676
672	677
672	678
672	679
672	700
672	703
672	704
673	676
673	677
673	678
673	679
673	680
673	696
673	699
673	700
673	701
673	702
673	703
673	704
674	677
674	678
674	679
674	680
674	681
674	696
674	697
674	698
674	699
674	700
674	701
674	702
674	703
674	704
674	705
674	706
674	707
674	710
674	711
675	678
675	679
675	680
675	681
675	682
675	696
675	697
675	699
675	700
675	701
675	703
675	704
675	707
675	710
675	711
675	714
676	679
676	680
676	681
676	682
676	683
676	696
676	697
676	699
676	700
676	703
676	704
677	680
677	681
677	682
677	683
677	684
677	692
677	693
677	694
677	695
677	696
677	697
677	698
677	699
677	700
677	701
677	702
677	703
677	704
677	707
677	710
677	711
677	714
678	681
678	682
678	683
678	684
678	685
678	692
678	693
678	694
678	695
678	696
678	697
678	698
678	699
678	700
678	701
678	702
678	703
678	704
678	707
678	708
678	709
678	710
678	711
678	712
678	713
678	714
678	715
678	718
679	682
679	683
679	684
679	685
679	686
679	693
679	696
679	697
679	699
679	700
679	710
679	711
679	714
679	715
679	718
680	683
680	684
680	685
680	686
680	687
680	688
680	689
680	690
680	691
680	692
680	693
680	694
680	695
680	696
680	697
680	698
680	699
680	700
680	714
681	684
681	685
681	686
681	687
681	688
681	689
681	690
681	691
681	692
681	693
681	694
681	695
681	696
681	697
681	698
681	699
681	700
681	701
681	710
681	711
681	712
681	713
681	714
681	715
681	716
681	717
681	718
681	719
682	685
682	686
682	687
682	688
682	689
682	690
682	692
682	693
682	694
682	695
682	696
682	697
682	700
682	710
682	711
682	713
682	714
682	715
682	716
682	717
682	718
682	719
682	721
682	722
683	686
683	687
683	688
683	689
683	690
683	691
683	692
683	693
683	694
683	696
683	697
683	714
683	715
683	718
684	687
684	688
684	689
684	690
684	691
684	692
684	693
684	694
684	695
684	696
684	697
684	715
684	718
685	688
685	689
685	690
685	691
685	692
685	693
685	694
685	695
685	696
685	697
685	714
685	715
685	716
685	717
685	718
685	719
685	720
685	721
685	722
686	689
686	690
686	691
686	692
686	693
686	715
686	717
686	718
686	719
686	720
686	721
686	722
687	690
687	691
687	692
687	693
687	718
687	722
688	691
688	692
688	693
688	694
688	718
688	721
688	722
689	692
689	693
689	694
689	695
689	696
690	693
690	694
690	695
690	696
690	697
690	715
690	718
690	719
690	722
691	694
691	695
691	696
691	697
691	698
692	695
692	696
692	697
692	698
692	699
692	700
693	696
693	697
693	698
693	699
693	700
693	711
693	714
693	715
693	718
693	719
694	697
694	698
694	699
694	700
694	701
694	711
694	714
694	715
694	718
695	698
695	699
695	700
695	701
695	702
696	699
696	700
696	701
696	702
696	703
696	711
696	714
696	715
697	700
697	701
697	702
697	703
697	704
697	705
697	707
697	708
697	710
697	711
697	712
697	713
697	714
697	715
697	718
698	701
698	702
698	703
698	704
698	705
698	707
698	708
698	710
698	711
698	712
698	715
699	702
699	703
699	704
699	705
699	707
699	711
700	703
700	704
700	705
700	706
700	707
700	708
700	709
700	710
700	711
700	712
700	714
700	715
701	704
701	705
701	706
701	707
701	708
701	709
701	710
701	711
701	712
702	705
702	706
702	707
702	708
702	711
703	706
703	707
704	707
704	708
704	709
704	710
704	711
705	708
705	709
705	710
705	711
706	709
706	710
706	711
706	712
706	738
707	710
707	711
707	712
707	713
707	714
707	715
707	735
707	738
708	711
708	712
708	713
708	714
708	715
708	716
708	731
708	732
708	734
708	735
708	736
708	737
708	738
708	739
709	712
709	713
709	714
709	715
709	716
709	731
709	732
709	733
709	734
709	735
709	736
709	737
709	738
709	739
709	740
710	713
710	714
710	715
710	716
710	717
710	731
710	732
710	734
710	735
710	736
710	738
710	739
710	740
711	714
711	715
711	716
711	717
711	718
711	728
711	731
711	732
711	734
711	735
711	738
712	715
712	716
712	717
712	718
712	719
712	727
712	728
712	729
712	730
712	731
712	732
712	733
712	734
712	735
712	736
712	737
712	738
712	739
712	740
713	716
713	717
713	718
713	719
713	720
713	727
713	728
713	729
713	730
713	731
713	732
713	733
713	734
713	735
713	736
713	737
713	738
713	739
713	740
713	741
714	717
714	718
714	719
714	720
714	721
714	728
714	731
714	732
714	735
715	718
715	719
715	720
715	721
715	722
715	724
715	725
715	727
715	728
715	729
715	730
715	731
715	732
715	733
715	734
715	735
716	719
716	720
716	721
716	722
716	723
716	724
716	725
716	726
716	727
716	728
716	729
716	730
716	731
716	732
716	733
716	734
716	735
716	736
717	720
717	721
717	722
717	723
717	724
717	725
717	726
717	727
717	728
717	729
717	730
717	731
717	732
717	733
717	735
718	721
718	722
718	723
718	724
718	725
718	727
718	728
718	729
718	731
718	732
719	722
719	723
719	724
719	725
719	726
719	727
719	728
719	729
719	730
719	731
719	732
720	723
720	724
720	725
720	726
720	727
720	728
720	729
720	730
720	731
720	732
721	724
721	725
721	727
721	728
722	725
722	726
722	727
722	728
723	726
723	727
723	728
723	729
724	727
724	728
724	729
724	730
724	731
725	728
725	729
725	730
725	731
725	732
725	733
726	729
726	730
726	731
726	732
726	733
727	730
727	731
727	732
727	733
727	734
728	731
728	732
728	733
728	734
728	735
729	732
729	733
729	734
729	735
729	736
730	733
730	734
730	735
730	736
730	737
731	734
731	735
731	736
731	737
731	738
732	735
732	736
732	737
732	738
732	739
732	740
732	741
733	736
733	737
733	738
733	739
733	740
734	737
734	738
734	739
734	740
735	738
735	739
735	740
735	741
736	739
736	740
736	741
736	742
737	740
737	741
738	741
739	742
740	743
741	744
742	745
743	746
744	747
745	748
746	749
747	750
747	753
748	751
748	752
748	753
748	754
748	762
748	766
749	752
749	753
749	754
749	755
749	762
749	763
749	764
749	765
749	766
749	767
750	753
750	754
750	755
750	756
750	757
750	759
750	760
750	761
750	762
750	763
750	764
750	765
750	766
750	767
750	768
751	754
751	755
751	756
751	757
751	758
751	759
751	760
751	761
751	762
751	763
751	764
751	765
751	766
751	767
751	768
751	769
752	755
752	756
752	757
752	758
752	759
752	760
752	762
752	763
752	764
752	765
752	766
752	767
752	768
752	769
753	756
753	757
753	758
753	759
753	760
753	761
753	762
753	763
753	764
753	765
753	766
753	767
754	757
754	758
754	759
754	760
754	761
754	762
754	763
754	764
754	765
754	766
754	767
754	768
755	758
755	759
755	760
755	761
755	762
755	763
755	764
755	765
755	766
755	767
755	768
756	759
756	760
756	762
756	763
757	760
757	761
757	762
757	763
758	761
758	762
758	763
758	764
759	762
759	763
759	764
759	765
759	766
760	763
760	764
760	765
760	766
760	767
760	768
761	764
761	765
761	766
761	767
761	768
762	765
762	766
762	767
762	768
763	766
763	767
763	768
763	769
764	767
764	768
764	769
765	768
765	769
766	769
767	770
768	771
769	772
770	773
771	774
772	775
773	776
774	777
775	778
776	779
777	780
778	781
778	784
778	796
779	782
779	783
779	784
779	785
779	796
779	797
780	783
780	784
780	785
780	786
780	787
780	788
780	796
780	797
780	798
780	799
781	784
781	785
781	786
781	787
781	788
781	796
781	797
781	798
782	785
782	786
782	787
782	788
782	789
782	796
782	797
782	798
783	786
783	787
783	788
783	789
783	790
783	797
784	787
784	788
784	789
784	790
784	791
784	793
784	794
784	796
784	797
784	798
785	788
785	789
785	790
785	791
785	792
785	793
785	794
785	795
785	796
785	797
785	798
785	799
786	789
786	790
786	791
786	792
786	793
786	794
786	795
786	796
786	797
786	798
787	790
787	791
787	792
787	793
787	794
787	796
787	797
787	798
788	791
788	792
788	793
788	794
788	795
788	796
788	797
788	798
788	799
789	792
789	793
789	794
789	795
789	796
789	797
789	798
789	799
790	793
790	794
790	795
790	796
790	797
790	798
791	794
791	795
791	796
791	797
792	795
792	796
792	797
792	798
793	796
793	797
793	798
793	799
794	797
794	798
794	799
795	798
795	799
795	800
796	799
796	800
797	800
798	801
799	802
800	803
801	804
802	805
803	806
804	807
805	808
806	809
807	810
808	811
809	812
810	813
811	814
812	815
813	816
814	817
815	818
816	819
817	820
