1	4
2	5
3	6
4	7
5	8
6	9
7	10
8	11
9	12
10	13
11	14
12	15
13	16
14	17
15	18
16	19
17	20
18	21
19	22
20	23
21	24
22	25
23	26
24	27
25	28
26	29
27	30
28	31
29	32
30	33
31	34
32	35
33	36
34	37
35	38
36	39
37	40
38	41
39	42
40	43
41	44
42	45
43	46
44	47
45	48
46	49
47	50
48	51
49	52
50	53
51	54
52	55
53	56
54	57
55	58
56	59
57	60
58	61
59	62
60	63
61	64
62	65
63	66
64	67
65	68
66	69
67	70
68	71
69	72
70	73
71	74
72	75
73	76
74	77
75	78
76	79
77	80
78	81
79	82
80	83
81	84
82	85
83	86
83	294
84	87
84	89
84	293
84	294
84	393
85	88
85	89
85	90
85	91
85	92
85	93
85	293
85	294
85	322
85	386
85	389
85	390
85	393
86	89
86	90
86	91
86	92
86	93
86	293
86	322
86	352
86	382
86	383
86	385
86	386
86	387
86	388
86	389
86	390
86	393
87	90
87	91
87	92
87	93
87	94
87	352
87	379
87	382
87	383
87	384
87	385
87	386
87	387
87	388
87	389
87	390
88	91
88	92
88	93
88	94
88	95
88	289
88	293
88	315
88	318
88	345
88	348
88	349
88	351
88	352
88	353
88	379
88	380
88	381
88	382
88	383
88	384
88	385
88	386
88	387
88	388
88	389
88	390
89	92
89	93
89	94
89	95
89	96
89	289
89	290
89	292
89	293
89	294
89	315
89	318
89	319
89	349
89	352
89	382
89	383
89	386
90	93
90	94
90	95
90	96
90	97
90	223
90	289
90	290
90	293
90	379
90	382
90	383
90	386
91	94
91	95
91	96
91	97
91	98
91	191
91	289
91	378
91	379
91	380
91	382
91	383
91	386
92	95
92	96
92	97
92	98
92	99
92	100
92	285
92	286
92	288
92	289
92	290
92	292
92	293
92	315
92	345
92	349
92	379
92	383
93	96
93	97
93	98
93	99
93	100
93	189
93	191
93	223
93	260
93	285
93	286
93	287
93	289
93	290
93	293
94	97
94	98
94	99
94	100
94	101
94	188
94	189
94	190
94	191
94	219
94	220
94	223
94	224
94	286
94	289
94	379
95	98
95	99
95	100
95	101
95	102
95	188
95	189
95	190
95	191
95	282
95	285
95	286
95	289
95	379
96	99
96	100
96	101
96	102
96	103
96	189
96	223
96	256
96	259
96	260
96	281
96	282
96	283
96	284
96	285
96	286
96	287
96	288
96	289
96	290
97	100
97	101
97	102
97	103
97	185
97	186
97	188
97	189
97	190
97	191
97	216
97	219
97	220
97	222
97	223
97	224
97	253
97	256
97	257
97	259
97	260
97	282
97	285
97	286
97	289
98	101
98	102
98	103
98	104
98	105
98	106
98	156
98	157
98	184
98	185
98	186
98	187
98	188
98	189
98	190
98	191
98	216
98	219
98	220
98	223
98	282
98	286
99	102
99	103
99	104
99	105
99	106
99	107
99	157
99	185
99	186
99	188
99	189
99	256
99	279
99	280
99	281
99	282
99	283
99	284
99	285
99	286
100	103
100	104
100	105
100	106
100	107
100	185
100	188
100	189
100	216
100	219
100	249
100	252
100	253
100	254
100	255
100	256
100	257
100	259
100	260
100	271
100	279
100	280
100	281
100	282
100	283
100	284
100	285
100	286
100	287
101	104
101	105
101	106
101	107
101	181
101	182
101	184
101	185
101	186
101	187
101	188
101	189
101	212
101	213
101	215
101	216
101	217
101	218
101	219
101	220
101	248
101	249
101	250
101	252
101	253
101	255
101	256
101	279
101	282
101	283
101	286
102	105
102	106
102	107
102	108
102	153
102	156
102	157
102	161
102	181
102	182
102	183
102	184
102	185
102	186
102	187
102	188
102	189
102	190
102	216
102	249
102	279
102	282
103	106
103	107
103	108
103	109
103	153
103	156
103	157
103	182
103	185
103	186
103	189
103	248
103	249
103	252
103	278
103	279
103	280
103	281
103	282
103	283
104	107
104	108
104	149
104	153
104	178
104	181
104	182
104	184
104	185
104	186
104	212
104	213
104	216
104	247
104	248
104	249
104	250
104	252
104	253
104	274
104	275
104	279
104	282
105	108
105	146
105	149
105	150
105	151
105	152
105	153
105	154
105	155
105	156
105	157
105	164
105	168
105	178
105	179
105	180
105	181
105	182
105	183
105	184
105	185
105	186
105	189
105	212
105	213
105	249
106	109
106	149
106	150
106	151
106	152
106	153
106	154
106	155
106	156
106	157
106	158
106	161
106	164
106	182
106	185
106	186
107	110
107	149
107	150
107	153
107	154
107	156
107	157
107	279
107	281
107	282
108	111
108	150
108	153
108	154
108	157
108	279
108	281
109	112
109	113
109	114
109	119
109	277
109	279
110	113
110	114
110	115
110	116
110	118
110	119
110	120
110	122
110	123
110	277
111	114
111	115
111	116
111	118
111	119
111	277
112	115
112	116
112	119
112	277
113	116
113	118
113	119
114	117
114	118
114	119
114	120
114	122
115	118
115	119
115	120
115	121
115	122
116	119
116	120
116	121
116	122
116	123
117	120
117	121
117	122
117	123
117	124
118	121
118	122
118	123
118	124
119	122
119	123
119	124
119	125
120	123
120	124
120	125
121	124
121	125
121	126
122	125
122	126
122	127
122	130
123	126
123	127
123	130
124	127
124	129
124	130
125	128
125	129
125	130
125	131
126	129
126	130
126	131
126	132
127	130
127	131
127	132
127	133
127	134
127	135
127	151
127	154
128	131
128	132
128	133
128	134
128	135
128	151
129	132
129	133
129	134
129	135
129	136
130	133
130	134
130	135
130	136
130	137
130	147
130	150
130	151
131	134
131	135
131	136
131	137
131	138
131	147
131	148
131	150
131	151
131	152
131	154
132	135
132	136
132	137
132	138
132	139
132	147
132	151
133	136
133	137
133	138
133	139
133	140
133	147
134	137
134	138
134	139
134	140
134	141
134	142
134	144
134	145
134	146
134	147
134	148
134	150
134	151
135	138
135	139
135	140
135	141
135	142
135	144
135	145
135	146
135	147
135	148
135	150
135	151
135	167
136	139
136	140
136	141
136	142
136	144
136	147
136	148
137	140
137	141
137	142
137	143
137	144
137	145
137	146
137	147
137	148
138	141
138	142
138	143
138	144
138	145
138	146
138	147
138	148
138	149
138	150
138	151
138	167
138	170
138	171
139	142
139	143
139	144
139	145
139	147
139	148
139	170
140	143
140	144
141	144
141	145
141	146
141	147
141	148
141	170
141	171
141	174
142	145
142	146
142	147
142	148
142	149
142	167
142	169
142	170
142	171
142	172
142	173
142	174
142	175
142	176
143	146
143	147
143	148
143	149
143	170
143	171
143	172
143	173
143	174
143	175
143	176
144	147
144	148
144	149
144	150
144	151
144	170
144	171
144	174
144	176
145	148
145	149
145	150
145	151
145	152
145	167
145	168
145	169
145	170
145	171
145	172
145	173
145	174
145	175
145	176
145	177
145	178
145	179
146	149
146	150
146	151
146	152
146	153
146	167
146	168
146	170
146	171
146	176
146	178
146	179
147	150
147	151
147	152
147	153
147	154
147	167
147	168
147	170
147	171
148	151
148	152
148	153
148	154
148	155
148	163
148	164
148	165
148	166
148	167
148	168
148	169
148	170
148	171
148	172
148	173
148	174
148	176
148	178
148	179
148	182
149	152
149	153
149	154
149	155
149	156
149	163
149	164
149	165
149	166
149	167
149	168
149	169
149	170
149	171
149	172
149	176
149	177
149	178
149	179
149	180
149	181
149	182
149	183
150	153
150	154
150	155
150	156
150	157
150	164
150	165
150	167
150	168
150	171
150	178
150	179
150	182
151	154
151	155
151	156
151	157
151	158
151	160
151	161
151	163
151	164
151	165
151	166
151	167
151	168
151	169
151	170
151	171
152	155
152	156
152	157
152	158
152	159
152	160
152	161
152	162
152	163
152	164
152	165
152	166
152	167
152	168
152	169
152	170
152	171
152	178
152	179
152	182
152	183
152	186
153	156
153	157
153	158
153	159
153	160
153	161
153	162
153	163
153	164
153	165
153	166
153	167
153	168
153	179
153	182
153	183
153	185
153	186
154	157
154	158
154	159
154	160
154	161
154	162
154	163
154	164
154	165
154	167
154	168
155	158
155	159
155	160
155	161
155	162
155	163
155	164
155	165
155	166
155	167
155	168
155	186
156	159
156	160
156	161
156	162
156	163
156	164
156	165
156	166
156	167
156	168
156	182
156	183
156	185
156	186
156	187
156	189
156	190
157	160
157	161
157	162
157	163
157	164
157	186
158	161
158	162
158	163
158	164
159	162
159	163
159	164
159	165
159	186
159	189
159	190
159	376
159	377
160	163
160	164
160	165
160	166
160	167
160	186
160	190
161	164
161	165
161	166
161	167
161	168
161	182
161	183
161	184
161	185
161	186
161	187
161	188
161	189
161	190
161	192
162	165
162	166
162	167
162	168
162	169
162	183
162	186
162	187
162	189
162	190
162	192
163	166
163	167
163	168
163	169
163	170
163	183
163	186
163	187
164	167
164	168
164	169
164	170
164	171
164	179
164	182
164	183
164	184
164	185
164	186
164	187
165	168
165	169
165	170
165	171
165	172
165	179
165	180
165	181
165	182
165	183
165	184
165	185
165	186
165	187
165	188
165	189
165	190
165	195
165	196
165	199
166	169
166	170
166	171
166	172
166	173
166	179
166	180
166	182
166	183
166	186
166	187
167	170
167	171
167	172
167	173
167	178
167	179
167	180
167	182
167	183
167	186
168	171
168	172
168	173
168	174
168	175
168	176
168	177
168	178
168	179
168	180
168	181
168	182
168	183
168	184
168	185
168	186
168	187
168	199
169	172
169	173
169	174
169	175
169	176
169	177
169	178
169	179
169	180
169	181
169	182
169	183
169	184
169	186
169	199
169	202
169	203
170	173
170	174
170	175
170	176
170	177
170	178
170	179
170	180
170	182
170	183
171	174
171	175
171	176
171	177
171	178
171	179
171	180
171	181
171	182
171	183
171	203
172	175
172	176
172	177
172	178
172	179
172	180
172	181
172	182
172	183
172	184
172	199
172	200
172	202
172	203
172	206
172	207
173	176
173	177
173	178
173	179
173	180
174	177
174	178
174	179
174	180
174	206
175	178
175	179
175	180
175	181
175	202
175	203
175	204
175	205
175	206
175	207
176	179
176	180
176	181
176	182
176	183
176	202
176	203
176	204
176	205
176	206
176	207
176	208
176	209
176	210
177	180
177	181
177	182
177	183
177	184
177	199
177	200
177	201
177	202
177	203
177	204
177	205
177	206
177	207
177	208
177	209
177	210
177	211
177	212
177	213
178	181
178	182
178	183
178	184
178	185
178	199
178	200
178	201
178	202
178	203
178	204
178	205
178	206
178	207
178	208
178	209
178	210
178	211
178	212
178	213
179	182
179	183
179	184
179	185
179	186
179	187
179	196
179	199
179	200
179	201
179	202
179	203
179	204
179	206
179	207
179	210
179	213
180	183
180	184
180	185
180	186
180	187
180	188
180	195
180	196
180	197
180	198
180	199
180	200
180	201
180	202
180	203
180	204
180	205
180	206
180	207
180	210
180	212
180	213
180	214
180	216
180	217
181	184
181	185
181	186
181	187
181	188
181	195
181	196
181	197
181	198
181	199
181	200
181	201
181	202
181	203
181	204
181	205
181	206
181	207
181	208
181	209
181	210
181	211
181	212
181	213
181	214
181	215
181	216
181	217
182	185
182	186
182	187
182	188
182	189
182	195
182	196
182	197
182	198
182	199
182	200
182	201
182	202
182	203
182	210
182	212
182	213
182	216
182	217
183	186
183	187
183	188
183	189
183	190
183	192
183	193
183	194
183	195
183	196
183	197
183	198
183	199
183	200
183	201
183	202
183	203
183	213
183	216
183	217
184	187
184	188
184	189
184	190
184	191
184	192
184	193
184	194
184	195
184	196
184	197
184	198
184	199
184	200
184	201
184	202
184	203
184	204
184	210
184	212
184	213
184	214
184	215
184	216
184	217
184	218
184	219
184	220
185	188
185	189
185	190
185	191
185	192
185	193
185	194
185	195
185	196
185	197
185	198
185	199
185	200
185	203
185	212
185	213
185	214
185	215
185	216
185	217
185	218
185	219
185	220
186	189
186	190
186	191
186	192
186	193
186	195
186	196
186	197
186	199
186	200
186	213
186	216
186	217
186	220
187	190
187	191
187	192
187	193
187	194
187	195
187	196
187	197
187	198
187	199
187	200
187	216
187	217
187	219
187	220
188	191
188	192
188	193
188	194
188	195
188	196
188	197
188	198
188	199
188	200
188	213
188	215
188	216
188	217
188	218
188	219
188	220
188	221
188	222
188	223
188	224
189	192
189	193
189	194
189	195
189	196
189	216
189	217
189	219
189	220
189	223
190	193
190	194
190	195
190	196
190	220
190	223
191	194
191	195
191	196
191	197
191	217
191	219
191	220
191	221
191	222
191	223
191	224
192	195
192	196
192	197
192	198
192	199
192	217
192	219
192	220
192	221
192	223
192	224
193	196
193	197
193	198
193	199
193	200
193	216
193	217
193	218
193	219
193	220
193	221
193	222
193	223
193	224
193	225
193	226
193	229
193	230
194	197
194	198
194	199
194	200
194	201
194	217
194	218
194	219
194	220
194	221
194	223
194	224
194	226
194	229
195	198
195	199
195	200
195	201
195	202
195	217
195	220
195	221
196	199
196	200
196	201
196	202
196	203
196	213
196	214
196	215
196	216
196	217
196	218
196	219
196	220
196	221
196	224
196	233
197	200
197	201
197	202
197	203
197	204
197	213
197	214
197	215
197	216
197	217
197	218
197	219
197	220
197	221
197	222
197	224
197	226
197	229
197	230
197	232
197	233
198	201
198	202
198	203
198	204
198	205
198	213
198	214
198	216
198	217
198	218
198	220
198	221
198	233
199	202
199	203
199	204
199	205
199	206
199	207
199	210
199	213
199	214
199	216
199	217
199	220
200	203
200	204
200	205
200	206
200	207
200	208
200	210
200	211
200	212
200	213
200	214
200	215
200	216
200	217
200	218
200	219
200	220
200	221
200	233
200	234
200	236
200	237
201	204
201	205
201	206
201	207
201	208
201	210
201	211
201	212
201	213
201	214
201	215
201	216
201	217
201	218
201	232
201	233
201	234
201	236
201	237
201	240
202	205
202	206
202	207
202	208
202	210
202	211
202	213
202	214
202	217
203	206
203	207
203	208
203	209
203	210
203	211
203	212
203	213
203	214
203	215
203	216
203	217
203	236
203	237
203	240
204	207
204	208
204	209
204	210
204	211
204	212
204	213
204	214
204	215
204	216
204	217
204	233
204	236
204	237
204	238
204	239
204	240
204	241
204	243
204	244
205	208
205	209
205	210
205	211
205	213
205	214
205	236
205	240
206	209
206	210
206	211
206	213
206	240
207	210
207	211
207	212
207	213
207	214
207	237
207	240
207	241
207	243
207	244
207	245
208	211
208	212
208	213
208	214
208	236
208	237
208	238
208	239
208	240
208	241
208	242
208	243
208	244
208	245
209	212
209	213
209	214
209	236
209	237
209	238
209	239
209	240
209	241
209	242
209	243
209	244
209	245
209	246
209	247
209	248
210	213
210	214
210	215
210	216
210	217
210	233
210	236
210	237
210	238
210	239
210	240
210	241
210	242
210	243
210	244
210	245
210	246
210	247
210	248
210	249
210	250
211	214
211	215
211	216
211	217
211	218
211	233
211	234
211	235
211	236
211	237
211	238
211	239
211	240
211	241
211	242
211	243
211	244
211	245
211	246
211	247
211	248
211	249
211	250
211	251
211	253
212	215
212	216
212	217
212	218
212	219
212	233
212	234
212	235
212	236
212	237
212	238
212	239
212	240
212	241
212	243
212	244
212	245
212	246
212	247
212	248
212	249
212	250
212	251
212	252
212	253
213	216
213	217
213	218
213	219
213	220
213	233
213	234
213	235
213	236
213	237
213	238
213	239
213	240
213	241
213	244
213	247
213	248
213	249
213	250
213	253
214	217
214	218
214	219
214	220
214	221
214	229
214	230
214	231
214	232
214	233
214	234
214	235
214	236
214	237
214	238
214	239
214	240
214	241
214	244
214	247
214	249
214	250
214	253
215	218
215	219
215	220
215	221
215	222
215	229
215	230
215	231
215	232
215	233
215	234
215	235
215	236
215	237
215	238
215	239
215	240
215	241
215	247
215	248
215	249
215	250
215	251
215	252
215	253
215	254
215	256
216	219
216	220
216	221
216	222
216	223
216	229
216	230
216	232
216	233
216	234
216	235
216	236
216	237
216	249
216	250
216	252
216	253
216	256
217	220
217	221
217	222
217	223
217	224
217	226
217	228
217	229
217	230
217	231
217	232
217	233
217	234
217	235
217	236
217	237
217	249
217	253
218	221
218	222
218	223
218	224
218	225
218	226
218	227
218	228
218	229
218	230
218	231
218	232
218	233
218	234
218	235
218	236
218	237
218	238
218	249
218	250
218	253
219	222
219	223
219	224
219	225
219	226
219	227
219	229
219	230
219	231
219	232
219	233
219	234
219	237
219	249
219	250
219	253
219	254
219	256
219	257
220	223
220	224
220	225
220	226
220	227
220	228
220	229
220	230
220	231
220	232
220	233
220	234
221	224
221	225
221	226
221	227
221	228
221	229
221	230
221	231
221	232
221	233
221	234
222	225
222	226
222	227
222	228
222	229
222	230
222	231
222	232
222	233
222	234
222	253
222	257
223	226
223	227
223	229
223	230
224	227
224	228
224	229
224	230
225	228
225	229
225	230
225	231
226	229
226	230
226	231
226	232
226	233
227	230
227	231
227	232
227	233
227	234
228	231
228	232
228	233
228	234
228	235
229	232
229	233
229	234
229	235
229	236
230	233
230	234
230	235
230	236
230	237
231	234
231	235
231	236
231	237
231	238
232	235
232	236
232	237
232	238
232	239
233	236
233	237
233	238
233	239
233	240
234	237
234	238
234	239
234	240
234	241
234	249
234	250
234	253
234	254
235	238
235	239
235	240
235	241
235	250
236	239
236	240
236	241
236	242
236	250
237	240
237	241
237	242
237	243
237	244
237	247
237	248
237	249
237	250
237	251
237	253
238	241
238	242
238	243
238	244
238	247
238	249
238	250
238	251
239	242
239	243
239	244
239	250
240	243
240	244
240	245
240	247
240	250
241	244
241	245
241	246
241	247
241	248
241	249
241	250
241	251
242	245
242	246
242	247
242	250
243	246
243	247
244	247
244	248
244	249
244	250
245	248
245	249
245	250
245	274
246	249
246	250
246	251
246	252
246	273
246	274
246	275
246	276
247	250
247	251
247	252
247	253
247	254
247	271
247	273
247	274
247	275
248	251
248	252
248	253
248	254
248	255
248	256
248	270
248	271
248	272
248	273
248	274
248	275
248	276
248	277
248	278
248	279
249	252
249	253
249	254
249	255
249	256
249	257
249	270
249	271
249	272
249	273
249	274
249	275
249	279
250	253
250	254
250	255
250	256
250	257
250	270
250	271
250	273
250	274
250	275
251	254
251	255
251	256
251	257
251	258
251	266
251	267
251	268
251	269
251	270
251	271
251	272
251	273
251	274
251	275
251	278
251	279
252	255
252	256
252	257
252	258
252	259
252	260
252	266
252	267
252	268
252	269
252	270
252	271
252	272
252	273
252	274
252	275
252	276
252	278
252	279
252	280
252	282
252	283
253	256
253	257
253	258
253	259
253	260
253	267
253	268
253	270
253	271
253	272
253	273
253	274
253	279
253	282
253	283
254	257
254	258
254	259
254	260
254	261
254	263
254	264
254	266
254	267
254	268
254	269
254	270
254	271
254	272
254	273
254	274
255	258
255	259
255	260
255	261
255	262
255	263
255	264
255	265
255	266
255	267
255	268
255	269
255	270
255	271
255	272
255	273
255	274
255	275
255	278
255	279
255	280
255	282
255	283
255	284
255	286
255	287
256	259
256	260
256	261
256	262
256	263
256	264
256	265
256	266
256	267
256	268
256	269
256	270
256	271
256	274
256	279
256	280
256	282
256	283
256	284
256	285
256	286
256	287
256	290
257	260
257	261
257	262
257	263
257	264
257	265
257	266
257	267
257	268
257	270
257	271
257	283
257	286
257	287
257	290
258	261
258	262
258	263
258	264
258	265
258	266
258	267
258	268
258	269
258	270
258	271
258	283
258	286
258	287
258	290
258	291
259	262
259	263
259	264
259	265
259	266
259	267
259	268
259	269
259	270
259	271
259	279
259	280
259	281
259	282
259	283
259	284
259	285
259	286
259	287
259	288
259	289
259	290
259	291
259	299
259	300
259	303
260	263
260	264
260	265
260	266
260	267
260	268
260	282
260	283
260	284
260	285
260	286
260	287
260	288
260	289
260	290
260	291
260	292
260	293
260	294
261	264
261	265
261	266
261	267
261	283
261	286
261	287
261	288
261	289
261	290
261	291
261	292
261	293
261	294
261	296
262	265
262	266
262	267
262	268
262	283
262	284
262	286
262	287
262	288
262	289
262	290
262	291
262	292
262	293
262	294
262	295
262	296
262	297
262	299
262	300
263	266
263	267
263	268
263	269
263	270
263	283
263	284
263	286
263	287
263	288
263	290
263	291
263	294
263	296
263	299
263	300
264	267
264	268
264	269
264	270
264	271
264	280
264	282
264	283
264	284
264	285
264	286
264	287
264	288
264	289
264	290
264	291
264	296
264	299
264	300
264	302
264	303
265	268
265	269
265	270
265	271
265	272
265	283
265	284
265	287
265	299
265	303
266	269
266	270
266	271
266	272
266	273
266	283
266	287
267	270
267	271
267	272
267	273
267	274
267	278
267	279
267	280
267	282
267	283
267	284
267	286
267	287
268	271
268	272
268	273
268	274
268	275
268	276
268	277
268	278
268	279
268	280
268	281
268	282
268	283
268	284
268	286
268	287
268	303
269	272
269	273
269	274
269	275
269	276
269	277
269	278
269	279
269	283
270	273
270	274
270	275
270	276
270	277
270	278
270	279
270	283
271	274
271	275
271	276
271	277
271	278
271	279
271	280
271	281
271	282
271	283
271	284
272	275
272	276
272	277
272	278
272	279
272	280
272	283
273	276
273	277
273	278
273	279
274	277
274	278
274	279
274	280
275	278
275	279
275	280
276	279
276	280
277	280
277	281
277	283
278	281
278	282
278	283
278	284
279	282
279	283
279	284
279	285
279	286
279	307
280	283
280	284
280	285
280	286
280	287
280	288
280	303
280	304
280	306
280	307
280	308
280	309
281	284
281	285
281	286
281	287
281	288
281	303
281	304
281	305
281	306
281	307
281	308
281	309
281	310
281	311
281	312
282	285
282	286
282	287
282	288
282	289
282	303
282	304
282	307
282	309
282	312
283	286
283	287
283	288
283	289
283	290
283	291
283	300
283	303
283	304
283	306
283	307
283	312
284	287
284	288
284	289
284	290
284	291
284	292
284	299
284	300
284	301
284	302
284	303
284	304
284	305
284	306
284	307
284	308
284	309
284	311
284	312
284	313
284	315
284	316
285	288
285	289
285	290
285	291
285	292
285	299
285	300
285	301
285	302
285	303
285	304
285	305
285	306
285	307
285	308
285	309
285	310
285	311
285	312
285	313
285	314
285	315
285	316
286	289
286	290
286	291
286	292
286	293
286	299
286	300
286	303
286	304
286	307
286	312
286	315
287	290
287	291
287	292
287	293
287	294
287	296
287	297
287	298
287	299
287	300
287	301
287	302
287	303
287	304
287	307
287	312
287	315
288	291
288	292
288	293
288	294
288	295
288	296
288	297
288	298
288	299
288	300
288	301
288	302
288	303
288	304
288	305
288	306
288	307
288	311
288	312
288	313
288	314
288	315
288	316
288	318
288	319
289	292
289	293
289	294
289	295
289	296
289	297
289	298
289	299
289	300
289	301
289	302
289	303
289	304
289	311
289	312
289	313
289	314
289	315
289	316
289	317
289	318
289	319
290	293
290	294
290	295
290	296
290	297
290	298
290	299
290	300
290	301
290	303
290	304
290	315
290	316
290	319
291	294
291	295
291	296
291	297
291	298
291	299
291	300
291	301
291	302
291	303
291	304
291	315
291	316
291	319
292	295
292	296
292	297
292	298
292	299
292	300
292	301
292	302
292	303
292	304
292	312
292	315
292	316
292	317
292	318
292	319
292	320
292	321
292	322
292	323
293	296
293	297
293	298
293	299
293	300
293	315
293	316
293	318
293	319
293	320
293	322
293	323
294	297
294	298
294	299
294	300
294	319
294	322
294	323
295	298
295	299
295	300
295	301
295	319
295	320
295	322
295	323
296	299
296	300
296	301
296	302
296	303
296	316
296	319
296	320
296	322
296	323
297	300
297	301
297	302
297	303
297	304
297	315
297	316
297	317
297	318
297	319
297	320
297	321
297	322
297	323
297	324
297	325
298	301
298	302
298	303
298	304
298	305
298	316
298	319
298	320
298	323
299	302
299	303
299	304
299	305
299	306
299	316
299	319
300	303
300	304
300	305
300	306
300	307
300	312
300	313
300	314
300	315
300	316
300	317
300	318
300	319
300	320
301	304
301	305
301	306
301	307
301	308
301	312
301	313
301	314
301	315
301	316
301	317
301	318
301	319
301	320
301	328
301	329
301	332
302	305
302	306
302	307
302	308
302	312
302	313
302	316
303	306
303	307
303	308
303	309
303	312
303	313
303	315
303	316
304	307
304	308
304	309
304	310
304	311
304	312
304	313
304	314
304	315
304	316
304	317
304	319
304	332
305	308
305	309
305	310
305	311
305	312
305	313
305	314
305	315
305	316
305	317
305	332
306	309
306	310
306	312
306	313
306	316
307	310
307	311
307	312
307	313
307	315
307	316
308	311
308	312
308	313
308	314
308	315
308	316
308	332
308	336
309	312
309	313
309	314
309	315
309	316
309	332
309	335
309	336
309	339
309	346
310	313
310	314
310	315
310	316
310	317
310	331
310	332
310	333
310	334
310	335
310	336
310	337
310	338
310	339
310	340
310	343
310	345
310	346
310	349
311	314
311	315
311	316
311	317
311	318
311	332
311	333
311	334
311	335
311	336
311	337
311	339
311	340
311	343
311	344
311	345
311	346
311	347
311	348
311	349
311	350
312	315
312	316
312	317
312	318
312	319
312	329
312	332
312	333
312	335
312	336
312	345
312	346
312	349
313	316
313	317
313	318
313	319
313	320
313	328
313	329
313	330
313	331
313	332
313	333
313	334
313	335
313	336
313	337
313	339
313	345
313	346
313	349
313	350
314	317
314	318
314	319
314	320
314	321
314	328
314	329
314	330
314	331
314	332
314	333
314	334
314	335
314	336
314	337
314	339
314	343
314	344
314	345
314	346
314	347
314	348
314	349
314	350
314	351
314	352
314	353
315	318
315	319
315	320
315	321
315	322
315	328
315	329
315	330
315	332
315	333
315	336
315	345
315	346
315	348
315	349
315	350
315	352
315	353
316	319
316	320
316	321
316	322
316	323
316	325
316	326
316	327
316	328
316	329
316	330
316	331
316	332
316	333
316	335
316	336
316	346
316	349
316	350
316	352
316	353
317	320
317	321
317	322
317	323
317	324
317	325
317	326
317	327
317	328
317	329
317	330
317	331
317	332
317	333
317	334
317	335
317	336
317	337
317	346
317	347
317	348
317	349
317	350
317	351
317	352
317	353
317	354
318	321
318	322
318	323
318	324
318	325
318	326
318	327
318	328
318	329
318	330
318	331
318	332
318	333
318	334
318	346
318	347
318	348
318	349
318	350
318	351
318	352
318	353
318	354
318	355
318	356
319	322
319	323
319	324
319	325
319	326
319	327
319	328
319	329
319	330
319	332
319	333
319	349
319	350
319	352
319	353
320	323
320	324
320	325
320	326
320	327
320	328
320	329
320	330
320	331
320	332
320	333
320	349
320	352
320	353
320	354
320	356
321	324
321	325
321	326
321	327
321	328
321	329
321	330
321	331
321	332
321	333
321	349
321	350
321	351
321	352
321	353
321	354
321	355
321	356
321	357
322	325
322	326
322	327
322	328
322	329
322	330
322	352
322	353
322	354
322	355
322	356
323	326
323	327
323	328
323	329
323	353
323	356
324	327
324	328
324	329
324	330
324	353
324	354
324	356
324	357
325	328
325	329
325	330
325	331
325	332
325	353
325	354
325	356
325	357
326	329
326	330
326	331
326	332
326	333
326	334
326	350
326	351
326	352
326	353
326	354
326	355
326	356
326	357
327	330
327	331
327	332
327	333
327	334
327	350
327	353
327	354
327	356
327	357
328	331
328	332
328	333
328	334
328	335
328	350
328	353
328	354
329	332
329	333
329	334
329	335
329	336
329	346
329	349
329	350
329	351
329	352
329	353
329	354
329	355
329	356
330	333
330	334
330	335
330	336
330	337
330	338
330	346
330	347
330	349
330	350
330	351
330	352
330	353
330	354
330	355
330	356
330	357
330	362
331	334
331	335
331	336
331	337
331	338
331	346
331	349
331	350
331	353
331	354
332	335
332	336
332	337
332	338
332	339
332	346
332	347
332	349
332	350
332	353
333	336
333	337
333	338
333	339
333	340
333	341
333	343
333	344
333	345
333	346
333	347
333	348
333	349
333	350
333	351
333	352
333	353
333	354
333	366
334	337
334	338
334	339
334	340
334	341
334	343
334	346
334	347
334	348
334	349
334	350
334	351
334	353
334	354
334	362
334	366
335	338
335	339
335	340
335	341
335	343
335	346
335	347
335	349
335	350
336	339
336	340
336	341
336	342
336	343
336	344
336	345
336	346
336	347
336	348
336	349
336	350
337	340
337	341
337	342
337	343
337	344
337	345
337	346
337	347
337	348
337	349
337	350
337	366
337	369
337	370
338	341
338	342
338	343
338	346
338	347
339	342
339	343
339	344
339	346
339	347
340	343
340	344
340	345
340	346
340	347
341	344
341	345
341	346
341	347
341	348
341	366
341	369
341	370
341	373
342	345
342	346
342	347
342	348
342	366
342	367
342	368
342	369
342	370
342	371
342	372
342	373
342	374
343	346
343	347
343	348
343	349
343	350
343	366
343	367
343	369
343	370
343	371
343	373
343	374
343	380
344	347
344	348
344	349
344	350
344	351
344	365
344	366
344	367
344	368
344	369
344	370
344	371
344	372
344	373
344	374
344	375
344	377
344	379
344	380
344	381
344	383
345	348
345	349
345	350
345	351
345	352
345	366
345	367
345	369
345	370
345	371
345	373
345	374
345	377
345	379
345	380
345	382
345	383
346	349
346	350
346	351
346	352
346	353
346	363
346	366
346	367
346	369
346	370
346	380
346	383
347	350
347	351
347	352
347	353
347	354
347	362
347	363
347	364
347	365
347	366
347	367
347	368
347	369
347	370
347	371
347	373
347	380
347	383
347	384
348	351
348	352
348	353
348	354
348	355
348	362
348	363
348	364
348	365
348	366
348	367
348	368
348	369
348	370
348	371
348	379
348	380
348	381
348	382
348	383
348	384
348	385
348	386
348	387
349	352
349	353
349	354
349	355
349	362
349	363
349	366
349	367
349	370
349	380
349	383
349	384
349	386
349	387
350	353
350	354
350	355
350	356
350	357
350	359
350	360
350	361
350	362
350	363
350	364
350	365
350	366
350	367
350	369
350	370
350	383
350	387
351	354
351	355
351	356
351	357
351	358
351	359
351	360
351	361
351	362
351	363
351	364
351	365
351	366
351	367
351	368
351	369
351	370
351	380
351	383
351	384
351	385
351	386
351	387
351	388
351	390
351	391
351	403
352	355
352	356
352	357
352	358
352	359
352	360
352	362
352	363
352	364
352	366
352	367
352	380
352	382
352	383
352	384
352	385
352	386
352	387
352	388
352	389
352	390
352	391
352	394
353	356
353	357
353	358
353	359
353	360
353	362
353	363
353	364
353	366
353	386
353	387
353	390
353	391
353	394
354	357
354	358
354	359
354	360
354	361
354	362
354	363
354	364
354	365
354	366
354	367
354	387
354	390
354	391
354	394
354	399
355	358
355	359
355	360
355	361
355	362
355	363
355	364
355	365
355	366
355	367
355	383
355	384
355	386
355	387
355	388
355	389
355	390
355	391
355	392
355	393
355	394
355	395
355	396
355	397
355	399
355	400
355	403
356	359
356	360
356	362
356	363
356	387
356	388
356	389
356	390
356	391
356	392
356	393
356	394
356	395
356	396
356	399
356	400
357	360
357	361
357	362
357	363
357	390
357	391
357	394
357	395
357	396
357	399
358	361
358	362
358	363
358	364
358	387
358	388
358	390
358	391
358	392
358	393
358	394
358	395
358	396
358	397
358	398
358	399
358	400
358	403
359	362
359	363
359	364
359	365
359	366
359	387
359	391
359	394
359	396
359	398
359	399
359	400
359	402
359	403
360	363
360	364
360	365
360	366
360	367
360	368
360	387
360	388
360	390
360	391
360	396
360	397
360	398
360	399
360	400
360	401
360	402
360	403
360	404
360	406
361	364
361	365
361	366
361	367
361	368
361	399
361	400
361	402
361	403
361	406
362	365
362	366
362	367
362	368
362	369
362	399
362	403
363	366
363	367
363	368
363	369
363	370
363	383
363	384
363	386
363	387
363	388
363	390
363	391
363	399
363	400
363	402
363	403
363	404
364	367
364	368
364	369
364	370
364	371
364	380
364	383
364	384
364	385
364	387
364	388
364	391
364	399
364	400
364	401
364	402
364	403
364	404
364	405
364	406
364	407
364	410
365	368
365	369
365	370
365	371
365	372
365	384
365	403
365	406
365	407
366	369
366	370
366	371
366	372
366	373
366	380
366	383
366	384
366	387
366	403
367	370
367	371
367	372
367	373
367	374
367	375
367	377
367	379
367	380
367	381
367	382
367	383
367	384
367	385
367	386
367	387
367	388
367	403
367	404
367	406
367	407
367	410
367	411
368	371
368	372
368	373
368	374
368	375
368	380
368	381
368	383
368	384
368	403
368	404
368	406
368	407
368	408
368	409
368	410
368	411
369	372
369	373
369	374
369	375
369	380
369	381
369	384
369	407
369	410
370	373
370	374
370	375
370	376
370	377
370	378
370	379
370	380
370	381
370	382
370	383
370	384
370	407
370	410
371	374
371	375
371	376
371	377
371	378
371	379
371	380
371	381
371	382
371	383
371	384
371	406
371	407
371	409
371	410
371	411
371	412
372	375
372	376
372	377
372	380
372	381
372	407
372	410
372	411
372	412
372	413
373	376
373	377
373	380
374	377
374	378
374	379
374	380
374	381
374	410
374	411
375	378
375	379
375	380
375	381
375	382
375	407
375	410
375	411
375	412
375	413
375	414
376	379
376	380
376	381
376	382
376	410
376	411
376	412
376	413
377	380
377	381
377	382
377	383
377	384
377	411
378	381
378	382
378	383
378	384
378	385
378	411
379	382
379	383
379	384
379	385
379	386
380	383
380	384
380	385
380	386
380	387
380	407
380	410
380	411
381	384
381	385
381	386
381	387
381	388
381	403
381	404
381	406
381	407
381	408
381	409
381	410
381	411
381	412
381	450
382	385
382	386
382	387
382	388
382	389
382	404
382	407
382	411
382	448
382	450
383	386
383	387
383	388
383	389
383	390
383	403
383	404
383	407
384	387
384	388
384	389
384	390
384	391
384	399
384	400
384	401
384	402
384	403
384	404
384	405
384	406
384	407
384	408
384	410
384	411
384	450
385	388
385	389
385	390
385	391
385	392
385	400
385	401
385	403
385	404
385	405
385	406
385	407
385	408
385	411
385	448
385	449
385	450
385	451
386	389
386	390
386	391
386	392
386	393
386	394
386	400
386	403
386	404
386	407
386	450
387	390
387	391
387	392
387	393
387	394
387	396
387	397
387	399
387	400
387	401
387	402
387	403
387	404
387	407
388	391
388	392
388	393
388	394
388	395
388	396
388	397
388	398
388	399
388	400
388	401
388	402
388	403
388	404
388	405
388	406
388	407
388	408
388	450
389	392
389	393
389	394
389	395
389	396
389	397
389	398
389	399
389	400
389	401
389	403
389	404
389	450
390	393
390	394
390	395
390	396
390	397
390	398
390	399
390	400
390	401
390	403
390	404
391	394
391	395
391	396
391	397
391	398
391	399
391	400
391	401
391	402
391	403
391	404
392	395
392	396
392	397
392	398
392	399
392	400
392	401
392	402
392	403
392	404
393	396
393	397
393	399
393	400
394	397
394	398
394	399
394	400
395	398
395	399
395	400
395	401
396	399
396	400
396	401
396	402
396	403
397	400
397	401
397	402
397	403
397	404
398	401
398	402
398	403
398	404
398	405
399	402
399	403
399	404
399	405
399	406
400	403
400	404
400	405
400	406
400	407
401	404
401	405
401	406
401	407
401	408
401	454
402	405
402	406
402	407
402	408
402	409
403	406
403	407
403	408
403	409
403	410
403	411
404	407
404	408
404	409
404	410
404	411
404	450
404	451
404	454
405	408
405	409
405	410
405	411
405	412
405	450
405	451
405	454
405	455
406	409
406	410
406	411
406	412
406	415
407	410
407	411
407	412
407	450
407	451
408	411
408	412
408	413
408	414
408	415
408	417
408	418
408	448
408	450
408	451
408	452
408	453
408	454
408	455
409	412
409	413
409	414
409	415
409	416
409	417
409	418
409	419
409	451
410	413
410	414
410	415
410	416
410	417
410	418
411	414
411	415
411	417
411	418
411	451
412	415
412	416
412	417
412	418
412	451
412	566
413	416
413	417
413	418
413	565
413	566
414	417
414	418
414	419
414	420
414	564
414	565
414	566
415	418
415	419
415	420
415	421
415	422
416	419
416	420
416	421
416	422
416	423
417	420
417	421
417	422
417	423
417	435
417	436
417	439
417	563
417	564
417	565
417	566
418	421
418	422
418	423
418	424
418	425
418	432
418	435
418	436
418	439
419	422
419	423
419	424
419	425
419	426
419	432
419	435
420	423
420	424
420	425
420	426
420	427
420	429
420	431
420	432
420	433
420	434
420	435
420	436
420	438
420	439
420	531
420	532
420	533
420	564
421	424
421	425
421	426
421	427
421	428
421	429
421	430
421	431
421	432
421	433
421	434
421	435
421	436
421	437
421	438
421	439
421	455
421	458
421	459
421	462
422	425
422	426
422	427
422	428
422	429
422	431
422	432
422	433
422	435
422	436
423	426
423	427
423	428
423	429
423	430
423	431
423	432
423	435
423	531
424	427
424	428
424	429
424	430
424	431
424	432
424	433
424	434
424	435
424	436
424	462
424	529
424	531
424	532
425	428
425	429
425	430
425	431
425	432
425	433
425	434
425	435
425	436
425	459
425	462
426	429
426	430
426	431
426	432
427	430
427	431
427	432
427	531
428	431
428	432
428	433
428	434
428	462
428	463
429	432
429	433
429	434
429	435
429	462
429	463
429	498
429	499
429	500
429	528
429	529
429	530
429	531
429	532
430	433
430	434
430	435
430	436
430	437
430	459
430	460
430	461
430	462
430	463
430	464
430	465
430	466
430	497
430	498
430	499
430	500
430	501
430	525
430	528
430	529
430	531
430	532
431	434
431	435
431	436
431	437
431	438
431	459
431	462
431	463
431	466
431	498
431	499
431	500
431	501
431	503
431	525
431	526
431	528
431	529
431	530
431	531
431	532
431	533
431	535
432	435
432	436
432	437
432	438
432	439
432	455
432	458
432	459
432	460
432	461
432	462
432	463
432	466
432	499
432	500
432	529
432	531
432	532
433	436
433	437
433	438
433	439
433	440
433	455
433	456
433	457
433	458
433	459
433	460
433	461
433	462
433	463
433	464
433	465
433	466
433	467
433	468
433	469
433	470
433	498
433	499
433	500
433	501
434	437
434	438
434	439
434	440
434	441
434	455
434	456
434	458
434	459
434	460
434	462
434	463
434	464
434	465
434	466
434	467
434	468
434	469
434	470
434	473
434	498
434	499
434	500
434	501
434	502
434	503
434	504
434	525
434	529
434	532
434	535
435	438
435	439
435	440
435	441
435	442
435	443
435	455
435	456
435	458
435	459
435	460
435	462
435	463
435	466
435	467
435	469
435	470
435	499
435	500
435	503
435	504
435	532
435	534
435	564
435	566
435	567
436	439
436	440
436	441
436	442
436	443
436	444
436	451
436	452
436	453
436	454
436	455
436	456
436	457
436	458
436	459
436	460
436	461
436	462
436	463
436	466
436	467
436	469
436	470
436	500
436	567
437	440
437	441
437	442
437	443
437	444
437	451
437	452
437	453
437	454
437	455
437	456
437	457
437	458
437	459
437	460
437	461
437	462
437	463
437	464
437	465
437	466
437	467
437	468
437	469
437	470
437	471
437	472
437	473
437	474
437	500
437	501
437	503
437	504
437	567
438	441
438	442
438	443
438	444
438	445
438	452
438	455
438	456
438	458
438	459
438	466
438	467
438	469
438	470
438	471
438	472
438	473
438	474
438	477
438	500
438	501
438	503
438	504
438	507
438	534
438	564
438	566
438	567
438	568
438	569
439	442
439	443
439	444
439	445
439	446
439	448
439	449
439	451
439	452
439	453
439	454
439	455
439	456
439	457
439	458
439	459
439	470
439	473
439	474
439	564
439	565
439	566
439	567
439	568
439	569
440	443
440	444
440	445
440	446
440	447
440	448
440	449
440	450
440	451
440	452
440	453
440	454
440	455
440	456
440	457
440	458
440	459
440	460
440	467
440	469
440	470
440	471
440	472
440	473
440	474
440	477
440	566
440	567
440	568
441	444
441	445
441	446
441	447
441	448
441	449
441	451
441	452
441	453
441	454
441	455
441	456
441	459
441	467
441	468
441	469
441	470
441	471
441	472
441	473
441	474
441	475
441	476
441	477
441	478
441	504
441	566
441	567
441	568
441	569
442	445
442	446
442	447
442	448
442	449
442	451
442	452
442	453
442	455
442	456
442	470
442	471
442	473
442	474
442	476
442	477
442	478
442	564
442	565
442	566
442	567
442	568
442	569
442	570
442	571
442	572
443	446
443	447
443	448
443	449
443	450
443	451
443	452
443	453
443	454
443	455
443	456
443	470
443	474
443	477
443	566
443	567
443	568
444	447
444	448
444	449
444	450
444	451
444	452
444	453
444	454
444	455
444	456
444	470
444	471
444	473
444	474
444	475
444	477
444	478
444	568
445	448
445	449
445	451
445	452
445	453
445	470
445	473
445	474
445	475
445	476
445	477
445	478
445	479
445	566
445	567
445	568
445	569
446	449
446	450
446	451
446	452
446	474
446	477
446	478
446	566
446	567
446	568
447	450
447	451
447	452
447	453
447	474
447	477
448	451
448	452
448	453
448	454
448	455
449	452
449	453
449	454
449	455
449	456
450	453
450	454
450	455
450	456
450	457
451	454
451	455
451	456
451	457
451	458
452	455
452	456
452	457
452	458
452	459
452	470
452	471
452	474
453	456
453	457
453	458
453	459
453	460
453	467
453	470
453	471
454	457
454	458
454	459
454	460
454	461
455	458
455	459
455	460
455	461
455	462
455	467
455	470
455	471
456	459
456	460
456	461
456	462
456	463
456	464
456	466
456	467
456	468
456	469
456	470
456	471
456	473
456	474
457	460
457	461
457	462
457	463
457	464
457	466
457	467
457	468
457	470
457	471
458	461
458	462
458	463
458	464
458	466
458	467
458	470
459	462
459	463
459	464
459	465
459	466
459	467
459	468
459	469
459	470
459	471
459	500
460	463
460	464
460	465
460	466
460	467
460	468
460	469
460	470
460	471
461	464
461	465
461	466
461	467
462	465
462	466
462	467
463	466
463	467
463	468
463	469
463	470
463	498
463	500
464	467
464	468
464	469
464	470
464	495
465	468
465	469
465	470
465	471
465	491
465	492
465	494
465	495
465	496
465	498
465	500
465	501
466	469
466	470
466	471
466	472
466	473
466	488
466	491
466	492
466	494
466	495
466	496
466	498
466	499
466	500
466	501
466	502
466	504
467	470
467	471
467	472
467	473
467	474
467	488
467	491
467	500
467	501
468	471
468	472
468	473
468	474
468	475
468	484
468	487
468	488
468	490
468	491
468	492
468	494
468	495
468	500
468	501
468	504
469	472
469	473
469	474
469	475
469	476
469	484
469	485
469	486
469	487
469	488
469	489
469	490
469	491
469	492
469	495
469	498
469	499
469	500
469	501
469	502
469	503
469	504
469	505
470	473
470	474
470	475
470	476
470	477
470	484
470	487
470	488
470	491
470	500
470	501
470	504
470	505
471	474
471	475
471	476
471	477
471	478
471	483
471	484
471	487
471	488
471	491
471	504
472	475
472	476
472	477
472	478
472	479
472	480
472	481
472	482
472	483
472	484
472	485
472	486
472	487
472	488
472	489
472	490
472	491
472	501
472	504
472	505
472	508
473	476
473	477
473	478
473	479
473	480
473	481
473	482
473	483
473	484
473	485
473	486
473	487
473	488
473	500
473	501
473	503
473	504
473	505
473	506
473	507
473	508
473	509
473	511
473	568
473	569
474	477
474	478
474	479
474	480
474	481
474	482
474	483
474	484
474	485
474	487
474	488
474	504
474	508
475	478
475	479
475	480
475	481
475	482
475	483
475	484
475	485
475	486
475	487
475	488
475	504
475	505
475	508
476	479
476	480
476	481
476	482
476	483
476	484
476	485
476	486
476	487
476	488
476	504
476	505
476	506
476	507
476	508
476	509
476	510
476	511
476	512
476	568
476	569
476	572
477	480
477	481
477	482
477	483
477	484
477	485
477	504
477	507
477	508
477	511
477	512
477	567
477	568
477	569
477	572
478	481
478	482
478	483
478	484
478	508
478	511
478	568
478	569
478	572
479	482
479	483
479	484
479	485
479	507
479	508
479	509
479	510
479	511
479	512
479	513
479	569
479	572
480	483
480	484
480	485
480	486
480	487
480	508
480	509
480	511
480	512
481	484
481	485
481	486
481	487
481	488
481	504
481	505
481	506
481	507
481	508
481	509
481	510
481	511
481	512
481	513
481	514
482	485
482	486
482	487
482	488
482	489
482	505
482	507
482	508
482	509
482	510
482	511
482	512
482	513
482	514
483	486
483	487
483	488
483	489
483	490
483	505
483	508
483	509
483	512
484	487
484	488
484	489
484	490
484	491
484	501
484	504
484	505
484	506
484	507
484	508
484	509
484	511
484	512
485	488
485	489
485	490
485	491
485	492
485	501
485	502
485	503
485	504
485	505
485	506
485	507
485	508
485	509
485	510
485	511
485	512
485	514
485	517
485	518
485	521
486	489
486	490
486	491
486	492
486	493
486	501
486	504
486	505
486	508
486	509
487	490
487	491
487	492
487	493
487	494
487	501
487	504
487	505
487	508
488	491
488	492
488	493
488	494
488	495
488	496
488	498
488	500
488	501
488	502
488	503
488	504
488	505
488	506
488	507
488	508
488	509
488	521
489	492
489	493
489	494
489	495
489	496
489	497
489	498
489	501
489	502
489	503
489	504
489	505
489	506
489	508
489	509
489	521
490	493
490	494
490	495
490	496
490	501
490	502
490	505
491	494
491	495
491	496
491	497
491	498
491	499
491	500
491	501
491	502
491	504
491	505
492	495
492	496
492	497
492	498
492	499
492	500
492	501
492	502
492	503
492	504
492	505
492	521
492	524
492	525
493	496
493	497
493	498
493	501
493	502
494	497
494	498
494	501
495	498
495	499
495	500
495	501
495	502
496	499
496	500
496	501
496	502
496	524
496	525
496	528
497	500
497	501
497	502
497	503
497	521
497	524
497	525
497	526
497	527
497	528
497	529
498	501
498	502
498	503
498	504
498	505
498	521
498	522
498	524
498	525
498	526
498	527
498	528
498	529
499	502
499	503
499	504
499	505
499	506
499	521
499	522
499	523
499	524
499	525
499	526
499	527
499	528
499	529
499	530
499	531
499	532
499	534
499	535
499	536
500	503
500	504
500	505
500	506
500	507
500	521
500	522
500	523
500	524
500	525
500	526
500	527
500	528
500	529
500	532
500	534
500	535
501	504
501	505
501	506
501	507
501	508
501	518
501	521
501	522
501	523
501	524
501	525
501	526
501	528
501	529
501	535
502	505
502	506
502	507
502	508
502	509
502	517
502	518
502	519
502	520
502	521
502	522
502	523
502	524
502	525
502	526
502	527
502	528
502	529
502	535
502	538
502	539
503	506
503	507
503	508
503	509
503	510
503	517
503	518
503	519
503	520
503	521
503	522
503	523
503	524
503	525
503	526
503	527
503	528
503	529
503	532
503	533
503	534
503	535
503	536
503	537
503	538
503	539
503	569
504	507
504	508
504	509
504	510
504	511
504	517
504	518
504	519
504	520
504	521
504	522
504	523
504	524
504	525
504	526
504	534
504	535
504	538
504	569
505	508
505	509
505	510
505	511
505	512
505	514
505	515
505	516
505	517
505	518
505	519
505	520
505	521
505	522
505	523
505	524
505	525
505	535
506	509
506	510
506	511
506	512
506	513
506	514
506	515
506	516
506	517
506	518
506	519
506	520
506	521
506	522
506	523
506	524
506	525
506	526
506	534
506	535
506	536
506	538
506	539
506	541
506	542
506	543
506	569
507	510
507	511
507	512
507	513
507	514
507	515
507	516
507	517
507	518
507	519
507	520
507	521
507	522
507	523
507	525
507	534
507	535
507	537
507	538
507	539
507	541
507	542
507	567
507	568
507	569
507	570
507	571
507	572
507	573
508	511
508	512
508	513
508	514
508	515
508	517
508	518
508	519
508	521
508	522
508	568
508	569
508	570
508	572
508	573
509	512
509	513
509	514
509	515
509	516
509	517
509	518
509	519
509	520
509	521
509	522
509	538
509	539
509	542
509	569
509	573
510	513
510	514
510	515
510	516
510	517
510	518
510	519
510	520
510	521
510	522
510	538
510	539
510	541
510	542
510	543
510	545
510	546
510	569
510	570
510	572
510	573
510	574
510	576
510	577
511	514
511	515
511	516
511	517
511	518
511	542
511	568
511	569
511	570
511	571
511	572
511	573
511	574
511	575
511	576
511	577
512	515
512	516
512	517
512	518
512	569
512	572
512	573
512	576
513	516
513	517
513	518
513	519
513	542
513	545
513	546
513	548
513	572
513	573
513	576
513	577
513	580
514	517
514	518
514	519
514	520
514	521
514	542
514	543
514	545
514	546
515	518
515	519
515	520
515	521
515	522
515	523
515	538
515	539
515	540
515	541
515	542
515	543
515	544
515	545
515	546
515	547
515	548
515	573
516	519
516	520
516	521
516	522
516	523
516	538
516	539
516	540
516	541
516	542
516	543
516	544
516	545
516	546
516	547
516	548
517	520
517	521
517	522
517	523
517	524
517	538
517	539
517	542
517	543
517	545
517	546
518	521
518	522
518	523
518	524
518	525
518	526
518	535
518	536
518	537
518	538
518	539
518	540
518	541
518	542
518	543
518	544
518	545
518	546
519	522
519	523
519	524
519	525
519	526
519	535
519	536
519	537
519	538
519	539
519	540
519	541
519	542
519	543
519	544
519	545
519	546
519	547
520	523
520	524
520	525
520	526
520	527
520	535
520	536
520	538
520	539
520	540
520	541
520	542
520	543
520	546
521	524
521	525
521	526
521	527
521	528
521	535
521	536
521	538
521	539
521	540
521	542
521	543
522	525
522	526
522	527
522	528
522	529
522	530
522	532
522	533
522	534
522	535
522	536
522	537
522	538
522	539
522	540
522	541
522	542
522	543
523	526
523	527
523	528
523	529
523	530
523	532
523	533
523	534
523	535
523	536
523	537
523	538
523	539
523	540
523	541
523	542
523	543
524	527
524	528
524	529
524	530
524	532
524	535
524	536
524	538
524	539
524	540
525	528
525	529
525	530
525	531
525	532
525	533
525	534
525	535
525	536
525	537
525	538
525	539
526	529
526	530
526	531
526	532
526	533
526	534
526	535
526	536
526	537
526	538
526	539
526	540
527	530
527	531
527	532
527	533
527	535
527	536
527	539
528	531
528	532
528	535
528	536
529	532
529	533
529	534
529	535
529	536
530	533
530	534
530	535
530	536
530	537
531	534
531	535
531	536
531	537
532	535
532	536
532	537
532	538
532	539
532	563
533	536
533	537
533	538
533	539
533	540
533	541
533	559
533	560
533	561
533	562
533	563
533	564
534	537
534	538
534	539
534	540
534	541
534	542
534	556
534	557
534	559
534	560
534	561
534	562
534	563
534	564
534	567
534	569
534	570
535	538
535	539
535	540
535	541
535	542
535	560
535	570
536	539
536	540
536	541
536	542
536	543
536	560
537	540
537	541
537	542
537	543
537	544
537	553
537	556
537	557
537	558
537	559
537	560
537	561
537	563
537	570
538	541
538	542
538	543
538	544
538	545
538	553
538	556
538	557
538	559
538	560
538	561
538	569
538	570
538	573
539	542
539	543
539	544
539	545
539	546
539	553
539	556
540	543
540	544
540	545
540	546
540	547
540	548
540	549
540	552
540	553
540	556
540	557
540	560
541	544
541	545
541	546
541	547
541	548
541	549
541	550
541	551
541	552
541	553
541	554
541	555
541	556
541	557
541	558
541	559
541	560
541	570
541	573
542	545
542	546
542	547
542	548
542	549
542	550
542	553
542	554
542	556
542	557
542	573
543	546
543	547
543	548
543	549
543	550
543	553
544	547
544	548
544	549
544	550
544	551
544	552
544	553
544	554
544	556
545	548
545	549
545	550
545	551
545	552
545	553
545	554
545	556
545	557
545	573
545	577
546	549
546	550
546	553
547	550
547	551
547	552
547	553
548	551
548	552
548	553
548	554
548	577
548	580
548	581
549	552
549	553
549	554
549	555
549	556
549	577
549	581
549	604
549	607
549	608
550	553
550	554
550	555
550	556
550	557
550	573
550	574
550	576
550	577
550	578
550	579
550	580
550	581
550	582
550	583
550	603
550	604
550	607
550	608
550	610
550	611
551	554
551	555
551	556
551	557
551	577
551	578
551	580
551	581
551	582
551	583
551	586
551	600
551	601
551	602
551	603
551	604
551	605
551	606
551	607
551	608
551	609
551	610
551	611
552	555
552	556
552	557
552	558
552	559
552	577
552	581
552	583
552	600
552	601
552	603
552	604
552	605
552	606
552	607
552	608
553	556
553	557
553	558
553	559
553	560
553	570
553	573
553	574
553	576
553	577
553	578
553	580
553	581
553	583
553	603
553	604
553	607
554	557
554	558
554	559
554	560
554	561
554	570
554	571
554	572
554	573
554	574
554	575
554	576
554	577
554	578
554	579
554	580
554	581
554	582
554	583
554	584
554	586
554	603
554	604
554	607
555	558
555	559
555	560
555	561
555	562
555	570
555	573
555	574
555	577
555	578
555	581
555	583
555	598
555	600
555	603
555	604
555	607
556	559
556	560
556	561
556	562
556	563
556	570
556	571
556	573
556	574
556	577
557	560
557	561
557	562
557	563
557	564
557	565
557	567
557	568
557	569
557	570
557	571
557	572
557	573
557	574
557	575
557	576
557	577
557	578
558	561
558	562
558	563
558	564
558	565
558	567
558	568
558	569
558	570
558	571
558	572
558	573
558	574
558	575
558	577
558	578
559	562
559	563
559	564
559	565
559	570
559	571
559	573
559	574
560	563
560	564
560	565
560	566
560	567
560	568
560	569
560	570
560	571
560	572
560	573
560	574
561	564
561	565
561	566
561	567
561	568
561	569
561	570
561	571
561	572
561	573
561	574
561	575
562	565
562	566
562	567
562	568
562	570
562	571
562	574
563	566
563	567
563	568
563	570
563	571
564	567
564	568
564	569
564	570
564	571
565	568
565	569
565	570
565	571
565	572
565	574
566	569
566	570
566	571
566	572
567	570
567	571
567	572
567	573
567	574
568	571
568	572
568	573
568	574
568	575
569	572
569	573
569	574
569	575
569	576
570	573
570	574
570	575
570	576
570	577
571	574
571	575
571	576
571	577
571	578
572	575
572	576
572	577
572	578
572	579
573	576
573	577
573	578
573	579
573	580
573	581
574	577
574	578
574	579
574	580
574	581
574	582
574	583
574	584
575	578
575	579
575	580
575	581
575	582
575	583
575	584
576	579
576	580
576	581
576	582
576	583
576	584
577	580
577	581
577	582
577	583
577	584
577	585
577	586
577	607
578	581
578	582
578	583
578	584
578	585
578	586
578	587
578	607
578	610
579	582
579	583
579	584
579	585
579	586
579	587
579	607
579	610
580	583
580	584
580	585
580	586
580	607
580	610
580	611
581	584
581	585
581	586
581	587
581	603
581	604
581	606
581	607
581	608
581	609
581	610
581	611
581	612
582	585
582	586
582	587
582	588
582	589
582	603
582	606
582	607
582	608
582	609
582	610
582	611
582	612
583	586
583	587
583	588
583	589
583	590
583	598
583	603
583	604
583	605
583	606
583	607
583	608
583	609
583	610
583	611
584	587
584	588
584	589
584	590
584	591
584	606
584	607
584	610
585	588
585	589
585	590
585	591
585	592
585	603
585	606
585	607
585	608
585	609
585	610
585	611
585	637
586	589
586	590
586	591
586	592
586	593
586	597
586	598
586	602
586	603
586	604
586	605
586	606
586	607
586	608
586	609
586	610
586	611
586	633
586	636
586	637
587	590
587	591
587	592
587	593
587	594
587	595
587	596
587	597
587	598
587	603
587	606
587	607
587	610
587	633
588	591
588	592
588	593
588	594
588	595
588	597
588	606
588	633
588	636
589	592
589	593
589	594
589	595
589	596
589	597
589	598
589	602
589	603
589	605
589	606
589	607
589	609
589	610
589	632
589	633
589	634
589	635
589	636
589	637
589	640
590	593
590	594
590	595
590	596
590	597
590	598
590	599
590	602
590	603
590	606
590	632
590	633
590	634
590	636
590	637
591	594
591	595
591	596
591	597
591	598
591	632
591	633
591	636
592	595
592	596
592	597
592	632
592	633
592	635
592	636
592	637
593	596
593	597
593	598
593	602
593	630
593	631
593	632
593	633
593	634
593	635
593	636
593	637
594	597
594	598
594	631
594	632
594	633
594	636
595	598
595	631
595	632
595	633
596	599
596	602
596	630
596	631
596	632
596	633
596	634
597	600
597	601
597	602
597	603
597	606
597	631
597	632
597	633
597	634
598	601
598	602
598	603
598	604
598	605
598	606
598	607
598	621
598	624
598	631
598	632
598	633
598	634
598	635
598	636
598	637
599	602
599	603
599	604
599	605
599	606
599	620
599	621
599	623
599	624
599	625
599	627
599	628
599	631
599	632
599	633
599	634
600	603
600	604
600	605
600	606
600	607
600	617
600	620
600	621
600	623
600	624
600	633
600	634
601	604
601	605
601	606
601	607
601	608
601	609
601	616
601	617
601	618
601	619
601	620
601	621
601	622
601	623
601	624
601	625
601	626
601	627
601	628
601	631
601	633
601	634
601	637
601	638
602	605
602	606
602	607
602	608
602	609
602	616
602	617
602	618
602	619
602	620
602	621
602	622
602	623
602	624
602	625
602	631
602	632
602	633
602	634
602	635
602	636
602	637
602	638
603	606
603	607
603	608
603	609
603	610
603	616
603	617
603	620
603	621
603	624
603	633
603	634
603	637
604	607
604	608
604	609
604	610
604	611
604	613
604	614
604	616
604	617
604	618
604	619
604	620
604	621
604	624
604	634
604	637
605	608
605	609
605	610
605	611
605	612
605	613
605	614
605	615
605	616
605	617
605	618
605	619
605	620
605	621
605	622
605	623
605	624
605	633
605	634
605	635
605	636
605	637
605	638
605	640
605	641
606	609
606	610
606	611
606	612
606	613
606	614
606	615
606	616
606	617
606	618
606	619
606	620
606	621
606	633
606	634
606	635
606	636
606	637
606	638
606	640
606	641
607	610
607	611
607	612
607	613
607	614
607	616
607	617
607	620
607	637
608	611
608	612
608	613
608	614
608	615
608	616
608	617
608	618
608	619
608	620
608	621
608	637
608	638
608	641
609	612
609	613
609	614
609	615
609	616
609	617
609	618
609	619
609	620
609	621
609	636
609	637
609	638
609	639
609	640
609	641
609	642
609	644
609	645
610	613
610	614
610	616
610	617
610	637
610	640
610	641
611	614
611	615
611	616
611	617
611	641
612	615
612	616
612	617
612	618
612	637
612	640
612	641
612	642
612	644
612	645
613	616
613	617
613	618
613	619
613	620
613	641
613	644
613	645
614	617
614	618
614	619
614	620
614	621
614	622
614	637
614	638
614	639
614	640
614	641
614	642
614	643
614	644
614	645
614	646
615	618
615	619
615	620
615	621
615	622
615	637
615	638
615	641
615	642
615	644
615	645
615	646
616	619
616	620
616	621
616	622
616	623
616	637
616	638
616	641
617	620
617	621
617	622
617	623
617	624
617	625
617	634
617	635
617	636
617	637
617	638
617	639
617	640
617	641
617	642
617	644
617	645
618	621
618	622
618	623
618	624
618	625
618	626
618	634
618	635
618	636
618	637
618	638
618	639
618	640
618	641
618	642
618	643
618	644
618	645
619	622
619	623
619	624
619	625
619	626
619	634
619	637
619	638
619	641
619	642
620	623
620	624
620	625
620	626
620	627
620	634
620	635
620	637
620	638
620	641
621	624
621	625
621	626
621	627
621	628
621	629
621	630
621	631
621	632
621	633
621	634
621	635
621	636
621	637
621	638
621	639
621	640
621	641
621	642
622	625
622	626
622	627
622	628
622	629
622	631
622	633
622	634
622	635
622	636
622	637
622	638
622	639
622	641
622	642
623	626
623	627
623	628
623	629
623	631
623	634
623	635
623	638
624	627
624	628
624	629
624	630
624	631
624	632
624	633
624	634
624	635
624	637
624	638
625	628
625	629
625	630
625	631
625	632
625	633
625	634
625	635
625	636
625	637
625	638
625	639
626	629
626	630
626	631
626	634
626	635
626	638
627	630
627	631
627	634
628	631
628	632
628	633
628	634
628	635
629	632
629	633
629	634
629	635
629	636
629	638
630	633
630	634
630	635
630	636
630	638
631	634
631	635
631	636
631	637
631	638
632	635
632	636
632	637
632	638
632	639
633	636
633	637
633	638
633	639
633	640
634	637
634	638
634	639
634	640
634	641
634	642
635	638
635	639
635	640
635	641
635	642
635	643
636	639
636	640
636	641
636	642
636	643
637	640
637	641
637	642
637	643
637	644
638	641
638	642
638	643
638	644
638	645
639	642
639	643
639	644
639	645
640	643
640	644
640	645
640	646
641	644
641	645
641	646
642	645
642	646
642	647
643	646
643	647
644	647
644	650
644	651
645	648
645	649
645	650
645	651
646	649
646	650
646	651
646	652
646	653
646	654
646	655
647	650
647	651
647	652
647	653
647	654
648	651
648	652
648	653
648	654
648	655
649	652
649	653
649	654
649	655
649	656
650	653
650	654
650	655
650	656
650	657
651	654
651	655
651	656
651	657
651	658
652	655
652	656
652	657
652	658
652	659
653	656
653	657
653	658
653	659
653	660
654	657
654	658
654	659
654	660
654	661
655	658
655	659
655	660
655	661
655	662
656	659
656	660
656	661
656	662
656	663
657	660
657	661
657	662
657	663
657	664
658	661
658	662
658	663
658	664
659	662
659	663
659	664
660	663
660	664
660	665
660	666
661	664
661	665
661	666
661	669
662	665
662	666
662	669
663	666
663	669
664	667
664	668
664	669
664	670
665	668
665	669
665	670
665	671
665	676
665	679
665	680
665	683
666	669
666	670
666	671
666	672
666	675
666	676
666	677
666	678
666	679
666	680
666	682
666	683
667	670
667	671
667	672
667	673
667	674
667	675
667	676
667	677
667	678
667	679
667	680
667	681
667	682
667	683
668	671
668	672
668	673
668	674
668	675
668	676
668	677
668	678
668	679
668	680
669	672
669	673
669	675
669	676
669	677
669	679
669	680
670	673
670	674
670	675
670	676
670	677
670	678
670	679
670	680
670	682
670	683
671	674
671	675
671	676
671	677
671	678
671	679
671	680
672	675
672	676
672	677
672	678
672	679
672	680
673	676
673	677
673	678
673	679
673	680
674	677
674	678
674	679
674	680
674	681
675	678
675	679
675	680
675	681
675	682
676	679
676	680
676	681
676	682
676	683
677	680
677	681
677	682
677	683
677	684
677	696
678	681
678	682
678	683
678	684
678	685
678	693
678	695
678	696
679	682
679	683
679	684
679	685
679	686
679	696
680	683
680	684
680	685
680	686
680	687
680	689
680	692
680	693
680	695
680	696
681	684
681	685
681	686
681	687
681	688
681	689
681	690
681	691
681	692
681	693
681	694
681	695
681	696
681	697
681	699
682	685
682	686
682	687
682	688
682	689
682	690
682	692
682	693
682	694
682	695
682	696
682	697
683	686
683	687
683	688
683	689
683	690
683	692
683	693
683	696
684	687
684	688
684	689
684	690
684	691
684	692
684	693
684	694
684	695
684	696
684	697
685	688
685	689
685	690
685	691
685	692
685	693
685	694
685	695
685	696
685	697
685	717
686	689
686	690
686	692
686	693
687	690
687	691
687	692
687	693
688	691
688	692
688	693
688	694
688	717
688	720
689	692
689	693
689	694
689	695
689	696
689	717
689	718
689	720
689	721
690	693
690	694
690	695
690	696
690	697
690	713
690	714
690	715
690	716
690	717
690	718
690	719
690	720
690	721
690	722
690	723
690	725
690	728
690	729
690	732
691	694
691	695
691	696
691	697
691	698
691	713
691	714
691	715
691	716
691	717
691	718
691	719
691	720
691	721
691	722
691	723
691	724
691	725
691	728
691	732
692	695
692	696
692	697
692	698
692	699
692	713
692	714
692	716
692	717
692	718
692	719
692	720
692	721
692	722
693	696
693	697
693	698
693	699
693	700
693	710
693	713
693	714
693	715
693	716
693	717
693	718
693	720
693	721
693	732
694	697
694	698
694	699
694	700
694	701
694	710
694	711
694	712
694	713
694	714
694	715
694	716
694	717
694	718
694	719
694	720
694	721
694	722
694	728
694	732
694	758
695	698
695	699
695	700
695	701
695	702
695	710
695	711
695	713
695	714
695	715
695	716
695	717
695	718
695	721
695	758
696	699
696	700
696	701
696	702
696	703
696	710
696	711
696	713
696	714
696	717
696	718
697	700
697	701
697	702
697	703
697	704
697	705
697	707
697	708
697	709
697	710
697	711
697	712
697	713
697	714
697	715
697	716
697	717
697	718
697	758
697	759
697	760
698	701
698	702
698	703
698	704
698	705
698	707
698	708
698	709
698	710
698	711
698	712
698	713
698	714
698	715
698	716
698	717
698	718
698	757
698	758
698	759
698	760
698	761
699	702
699	703
699	704
699	705
699	707
699	710
699	711
699	713
699	714
699	760
700	703
700	704
700	705
700	706
700	707
700	708
700	709
700	710
700	711
700	712
700	713
700	714
700	760
700	761
700	809
700	810
700	811
701	704
701	705
701	706
701	707
701	708
701	709
701	710
701	711
701	712
701	713
701	714
701	715
701	758
701	759
701	760
701	761
701	762
701	809
701	810
702	705
702	706
702	707
702	708
702	710
702	711
702	714
702	758
702	759
702	760
702	761
702	764
702	808
702	809
702	810
702	811
703	706
703	707
703	710
703	711
703	760
703	761
703	807
703	808
703	809
703	810
703	811
703	812
704	707
704	708
704	709
704	710
704	711
704	760
704	761
704	807
704	808
704	809
704	810
704	811
705	708
705	709
705	710
705	711
705	712
705	714
705	759
705	760
705	761
705	762
705	763
705	764
705	765
705	806
705	807
705	808
705	809
705	810
706	709
706	710
706	711
706	712
706	760
706	761
706	762
706	806
706	807
706	808
706	809
706	810
707	710
707	711
707	712
707	713
707	714
707	759
707	760
707	761
707	762
707	809
708	711
708	712
708	713
708	714
708	715
708	731
708	732
708	733
708	734
708	735
708	736
708	737
708	759
708	760
708	761
708	762
709	712
709	713
709	714
709	715
709	716
709	717
709	731
709	732
709	733
709	734
709	735
709	736
709	759
709	761
710	713
710	714
710	715
710	716
710	717
710	718
710	731
710	732
710	733
710	734
710	735
710	758
710	759
710	760
710	761
711	714
711	715
711	716
711	717
711	718
711	731
711	732
711	733
711	734
711	735
711	736
711	737
711	754
711	757
711	758
711	759
711	760
711	761
711	762
711	763
712	715
712	716
712	717
712	718
712	719
712	727
712	728
712	729
712	730
712	731
712	732
712	733
712	734
712	735
712	736
712	737
712	754
712	757
712	758
712	759
712	760
712	761
712	762
713	716
713	717
713	718
713	719
713	720
713	721
713	727
713	728
713	729
713	730
713	731
713	732
713	733
713	734
713	735
713	757
713	758
713	759
714	717
714	718
714	719
714	720
714	721
714	728
714	729
714	731
714	732
714	733
714	734
714	735
714	754
714	757
714	758
714	759
714	760
714	761
715	718
715	719
715	720
715	721
715	722
715	724
715	725
715	727
715	728
715	729
715	730
715	731
715	732
715	733
715	734
715	735
715	736
715	737
715	753
715	754
715	755
715	756
715	757
715	758
715	759
715	760
715	761
715	762
716	719
716	720
716	721
716	722
716	723
716	724
716	725
716	726
716	727
716	728
716	729
716	730
716	731
716	732
716	733
716	734
716	735
716	757
716	758
716	759
717	720
717	721
717	722
717	723
717	724
717	725
717	726
717	727
717	728
717	729
717	730
717	731
717	732
717	733
717	757
717	758
717	759
718	721
718	722
718	723
718	724
718	725
718	727
718	728
718	729
718	731
718	732
718	756
718	757
718	758
718	759
719	722
719	723
719	724
719	725
719	726
719	727
719	728
719	729
719	730
719	731
719	732
719	756
719	757
719	758
720	723
720	724
720	725
720	726
720	727
720	728
720	729
720	730
720	731
720	732
721	724
721	725
721	726
721	727
721	728
721	729
722	725
722	726
722	727
722	728
722	757
723	726
723	727
723	728
723	729
724	727
724	728
724	729
724	730
724	731
725	728
725	729
725	730
725	731
725	732
726	729
726	730
726	731
726	732
726	733
727	730
727	731
727	732
727	733
727	734
727	735
727	757
728	731
728	732
728	733
728	734
728	735
728	757
729	732
729	733
729	734
729	735
730	733
730	734
730	735
730	736
731	734
731	735
731	736
731	737
731	757
731	759
732	735
732	736
733	736
734	737
735	738
735	754
735	757
735	759
735	762
736	739
736	754
736	759
736	762
737	740
737	747
737	750
737	751
737	753
737	754
737	757
737	759
737	761
737	762
737	763
737	765
737	766
738	741
738	742
738	746
738	747
738	748
738	749
738	750
738	751
738	753
738	754
738	762
738	763
738	765
738	766
739	742
739	743
739	744
739	745
739	746
739	747
739	748
739	749
739	750
739	751
739	752
739	753
739	754
739	762
739	763
739	765
739	766
739	767
739	769
739	770
739	773
740	743
740	744
740	745
740	746
740	747
740	748
740	749
740	750
740	751
740	766
740	767
740	769
740	770
740	771
740	773
740	774
740	800
740	801
740	802
741	744
741	745
741	746
741	747
741	748
741	749
741	750
741	751
741	765
741	766
741	767
741	768
741	769
741	770
741	771
741	772
741	773
741	774
741	799
741	800
741	801
741	802
741	803
741	804
742	745
742	746
742	747
742	748
742	769
742	770
742	771
742	772
742	773
742	774
742	798
742	799
742	800
742	801
742	802
742	803
743	746
743	747
743	748
743	749
743	750
743	766
743	769
743	770
743	771
743	772
743	773
743	774
743	775
743	777
743	798
743	799
743	800
743	801
743	802
744	747
744	748
744	749
744	750
744	751
744	766
744	767
744	768
744	769
744	770
744	771
744	772
744	773
744	774
744	775
744	776
744	777
744	778
744	798
744	799
744	800
744	801
744	802
745	748
745	749
745	750
745	751
745	752
745	766
745	767
745	769
745	770
745	771
745	772
745	773
745	774
745	775
745	776
745	777
745	778
745	782
745	800
746	749
746	750
746	751
746	752
746	753
746	766
746	767
746	769
746	770
746	771
746	773
746	774
746	800
747	750
747	751
747	752
747	753
747	754
747	762
747	763
747	764
747	765
747	766
747	767
747	768
747	769
747	770
747	771
747	772
747	773
747	774
747	800
747	801
747	802
748	751
748	752
748	753
748	754
748	755
748	762
748	763
748	764
748	765
748	766
748	767
748	768
748	769
748	770
748	771
748	772
748	773
748	774
748	775
749	752
749	753
749	754
749	755
749	756
749	762
749	763
749	764
749	766
749	767
749	768
749	769
749	770
749	771
750	753
750	754
750	755
750	756
750	757
750	759
750	762
750	763
750	764
750	765
750	766
750	767
750	768
750	769
750	770
751	754
751	755
751	756
751	757
751	758
751	759
751	760
751	761
751	762
751	763
751	764
751	765
751	766
751	767
751	768
751	769
751	770
751	771
752	755
752	756
752	757
752	758
752	759
752	760
752	762
752	763
752	764
752	765
752	766
752	767
752	768
752	770
753	756
753	757
753	758
753	759
753	760
753	762
753	763
753	764
753	766
753	767
754	757
754	758
754	759
754	760
754	761
754	762
754	763
754	764
754	765
754	766
754	767
755	758
755	759
755	760
755	761
755	762
755	763
755	764
755	765
755	766
755	767
756	759
756	760
756	762
756	763
756	764
757	760
757	761
757	762
757	763
758	761
758	762
758	763
758	764
759	762
759	763
759	764
759	765
759	766
759	767
760	763
760	764
760	765
760	766
760	767
760	768
761	764
761	765
761	766
761	767
761	768
761	805
761	806
761	807
762	765
762	766
762	767
762	768
762	769
762	770
762	804
762	805
763	766
763	767
763	768
763	769
763	770
763	805
764	767
764	768
764	769
764	770
764	771
764	804
764	805
764	806
764	807
765	768
765	769
765	770
765	771
765	772
765	773
765	802
765	803
765	804
765	805
765	806
765	807
766	769
766	770
766	771
766	772
766	773
766	802
766	803
766	804
766	805
766	806
767	770
767	771
767	772
767	773
767	774
767	775
767	802
767	804
767	805
768	771
768	772
768	773
768	774
768	775
768	802
768	803
768	804
768	805
768	806
768	807
769	772
769	773
769	774
769	775
769	800
769	801
769	802
769	803
769	804
769	805
769	806
770	773
770	774
770	775
770	776
770	777
770	800
770	801
770	802
770	803
770	804
770	805
771	774
771	775
771	776
771	777
771	800
771	801
771	802
771	803
771	804
771	805
772	775
772	776
772	777
772	800
772	801
772	802
772	803
772	804
772	805
772	806
773	776
773	777
773	799
773	800
773	801
773	802
773	803
773	804
773	805
774	777
774	778
774	781
774	798
774	799
774	800
774	801
774	802
774	803
775	778
775	781
775	800
775	801
775	802
776	779
776	780
776	781
776	782
776	800
777	780
777	781
777	782
777	783
777	784
777	785
777	799
777	800
778	781
778	782
778	783
778	784
778	785
779	782
779	783
779	784
779	785
779	786
780	783
780	784
780	785
780	786
780	787
781	784
781	785
781	786
781	787
781	788
781	796
781	797
781	798
781	799
782	785
782	786
782	787
782	788
782	789
782	796
782	797
782	798
782	799
783	786
783	787
783	788
783	789
783	790
783	796
783	797
783	798
784	787
784	788
784	789
784	790
784	791
784	793
784	794
784	795
784	796
784	797
784	798
784	799
785	788
785	789
785	790
785	791
785	792
785	793
785	794
785	795
785	796
785	797
785	798
785	799
785	800
786	789
786	790
786	791
786	792
786	793
786	794
786	795
786	796
786	797
786	798
787	790
787	791
787	792
787	793
787	794
787	795
787	796
787	797
787	798
788	791
788	792
788	793
788	794
788	795
788	796
788	797
788	798
788	799
789	792
789	793
789	794
789	795
789	796
789	797
789	798
789	799
790	793
790	794
790	795
790	796
790	797
790	798
791	794
791	795
791	796
791	797
792	795
792	796
792	797
792	798
793	796
793	797
793	798
793	799
794	797
794	798
794	799
795	798
795	799
795	800
796	799
796	800
797	800
798	801
799	802
800	803
801	804
802	805
803	806
804	807
805	808
806	809
807	810
808	811
809	812
810	813
811	814
812	815
813	816
814	817
815	818
816	819
817	820
