1	4
2	5
3	6
4	7
5	8
6	9
7	10
8	11
9	12
10	13
11	14
12	15
13	16
14	17
15	18
16	19
17	20
18	21
19	22
20	23
21	24
22	25
23	26
24	27
25	28
26	29
27	30
28	31
29	32
30	33
31	34
31	798
32	35
32	797
32	798
32	799
33	36
33	797
33	798
33	799
33	800
34	37
34	796
34	797
34	798
34	799
34	800
35	38
35	796
35	797
35	798
35	799
35	800
35	801
36	39
36	796
36	797
36	798
36	799
36	800
36	801
37	40
37	794
37	795
37	796
37	797
37	798
37	799
37	800
38	41
38	794
38	795
38	796
38	797
39	42
39	794
39	795
39	796
40	43
41	44
42	45
43	46
44	47
45	48
46	49
47	50
48	51
49	52
50	53
51	54
52	55
53	56
53	339
54	57
54	306
54	307
54	338
54	339
55	58
55	302
55	303
55	306
55	307
55	338
55	339
56	59
56	283
56	284
56	285
56	287
56	288
56	299
56	300
56	302
56	303
56	304
56	305
56	306
56	307
56	308
57	60
57	283
57	284
57	285
57	286
57	287
57	288
57	289
57	290
57	291
57	299
57	300
57	301
57	302
57	303
57	304
57	306
57	307
58	61
58	280
58	281
58	282
58	283
58	284
58	285
58	286
58	287
58	288
58	289
58	290
58	291
58	299
58	300
58	303
58	304
58	307
59	62
59	189
59	190
59	282
59	283
59	284
59	285
59	286
59	287
59	288
59	289
59	290
59	291
59	300
59	303
60	63
60	185
60	186
60	187
60	188
60	189
60	190
60	191
60	260
60	282
60	283
60	284
60	285
60	286
60	287
60	288
60	289
60	290
60	291
60	293
60	294
61	64
61	97
61	186
61	187
61	188
61	189
61	190
61	191
61	192
61	283
61	286
61	287
61	288
61	289
61	290
61	291
61	292
61	293
61	294
62	65
62	93
62	96
62	97
62	98
62	100
62	101
62	186
62	187
62	188
62	189
62	190
62	191
62	192
62	193
62	223
62	224
62	286
62	287
62	290
62	293
62	294
63	66
63	93
63	94
63	95
63	96
63	97
63	98
63	99
63	100
63	101
63	103
63	104
63	188
63	189
63	190
63	191
63	192
63	193
64	67
64	92
64	93
64	94
64	95
64	96
64	97
64	98
64	99
64	100
64	101
64	102
64	103
64	104
64	191
64	192
64	193
64	224
65	68
65	92
65	93
65	94
65	95
65	96
65	97
65	98
65	99
65	100
65	101
65	102
65	103
65	104
66	69
66	72
66	92
66	93
66	95
66	96
66	97
66	99
66	100
67	70
67	71
67	72
67	73
67	96
68	71
68	72
68	73
68	74
69	72
69	73
69	74
69	75
69	76
70	73
70	74
70	75
70	76
71	74
71	75
71	76
71	77
71	78
72	75
72	76
72	77
72	78
73	76
73	77
74	77
75	78
76	79
76	80
76	81
76	84
76	92
77	80
77	81
77	83
77	84
77	85
77	86
77	87
77	91
77	92
78	81
78	82
78	83
78	84
78	85
78	86
78	87
78	90
78	91
78	92
78	93
78	94
78	95
78	96
78	225
78	226
79	82
79	83
79	84
79	85
79	86
79	87
79	88
79	89
79	90
79	91
79	92
79	93
79	94
79	95
79	96
79	224
79	225
79	226
80	83
80	84
80	85
80	86
80	87
80	88
80	89
80	90
80	91
80	92
80	93
80	94
80	95
80	221
80	222
80	224
80	225
80	226
80	227
80	228
80	229
80	230
81	84
81	85
81	86
81	87
81	88
81	90
81	91
81	92
81	221
81	225
81	226
81	227
81	228
81	229
81	230
82	85
82	86
82	87
82	88
82	90
82	91
82	226
82	227
82	228
82	229
82	230
82	231
82	232
83	86
83	87
83	88
83	228
83	229
84	87
84	88
84	89
84	90
84	91
84	92
85	88
85	89
85	90
85	91
86	89
86	90
86	91
86	92
86	95
87	90
87	91
87	92
87	93
87	94
87	95
87	221
87	224
87	226
87	228
87	229
88	91
88	92
88	94
88	198
88	201
88	229
89	92
89	94
89	95
89	194
89	197
89	198
90	93
90	94
90	95
90	96
90	97
90	98
90	193
90	194
90	197
90	198
90	221
90	224
90	225
90	226
91	94
91	95
91	96
91	97
91	98
91	193
91	194
91	197
91	220
91	221
91	222
91	223
91	224
91	225
91	226
91	227
91	228
91	229
92	95
92	96
92	97
92	98
92	99
92	193
92	194
92	220
92	221
92	222
92	223
92	224
92	225
92	226
92	227
93	96
93	97
93	98
93	99
93	100
93	188
93	191
93	192
93	193
93	194
93	196
93	197
93	220
93	221
93	222
93	223
93	224
93	225
93	226
93	227
94	97
94	98
94	99
94	100
94	101
94	102
94	188
94	191
94	192
94	193
94	194
94	195
94	196
94	197
94	198
94	220
94	221
94	222
94	223
94	224
94	225
94	226
95	98
95	99
95	100
95	101
95	102
95	191
95	192
95	193
95	194
95	197
95	224
95	225
96	99
96	100
96	101
96	102
96	103
96	191
96	192
96	193
96	194
96	223
96	224
96	225
97	100
97	101
97	102
97	103
97	104
97	187
97	188
97	189
97	190
97	191
97	192
97	193
97	194
97	195
97	196
97	197
97	223
97	224
97	225
98	101
98	102
98	103
98	104
98	105
98	191
98	192
98	193
98	194
98	195
98	196
98	197
98	224
99	102
99	103
99	104
99	105
99	106
99	107
99	191
99	192
99	193
99	194
100	103
100	104
100	105
100	106
100	107
100	123
100	125
100	190
100	191
100	192
100	193
100	194
101	104
101	105
101	106
101	107
101	108
101	123
101	124
101	125
101	126
101	190
101	191
101	192
101	193
101	194
101	195
102	105
102	106
102	107
102	108
102	109
102	123
102	124
102	125
102	192
102	194
103	106
103	107
103	108
103	109
103	110
103	123
103	124
103	125
104	107
104	108
104	109
104	110
104	111
104	119
104	120
104	121
104	122
104	123
104	124
104	125
104	126
104	293
105	108
105	109
105	110
105	111
105	112
105	120
105	121
105	122
105	123
105	124
105	125
105	126
105	127
106	109
106	110
106	111
106	112
106	113
106	120
106	123
106	124
106	125
107	110
107	111
107	112
107	113
107	114
107	119
107	120
107	121
107	122
107	123
107	124
107	125
108	111
108	112
108	113
108	114
108	116
108	117
108	118
108	119
108	120
108	121
108	122
108	123
108	124
108	125
108	126
109	112
109	113
109	114
109	119
109	120
109	121
109	122
109	123
109	124
109	125
110	113
110	114
110	115
110	116
110	119
110	120
110	121
110	123
110	124
111	114
111	115
111	116
111	117
111	118
111	119
111	120
111	121
111	122
111	123
111	124
112	115
112	116
112	117
112	118
112	119
112	120
112	121
112	122
112	123
112	124
112	125
113	116
113	117
113	119
113	120
114	117
114	118
114	119
114	120
114	121
115	118
115	119
115	120
115	121
116	119
116	120
116	121
116	122
116	123
117	120
117	121
117	122
117	123
117	124
118	121
118	122
118	123
118	124
118	295
119	122
119	123
119	124
119	295
120	123
120	124
120	125
121	124
121	125
121	126
121	293
121	294
121	295
122	125
122	126
122	292
122	293
122	294
122	295
122	296
122	297
123	126
123	293
123	294
123	295
124	127
124	293
124	294
124	295
125	128
125	293
126	129
126	130
126	158
126	292
126	293
127	130
127	131
127	154
127	155
127	158
128	131
128	132
128	133
128	134
128	151
128	154
128	155
128	157
128	158
128	160
128	192
128	195
129	132
129	133
129	134
129	135
129	147
129	150
129	151
129	152
129	153
129	154
129	155
129	156
129	157
129	158
129	160
130	133
130	134
130	135
130	140
130	147
130	148
130	149
130	150
130	151
130	152
130	153
130	154
130	155
130	156
130	157
130	158
130	159
130	160
130	163
130	164
130	167
130	183
130	187
130	195
130	196
130	199
131	134
131	135
131	136
131	139
131	140
131	147
131	148
131	150
131	151
131	152
131	154
131	155
131	167
131	183
131	184
131	187
131	192
131	194
131	195
131	196
131	197
131	198
131	199
132	135
132	136
132	137
132	138
132	139
132	140
132	141
132	142
132	144
132	145
132	146
132	147
132	148
132	149
132	150
132	151
132	152
132	154
132	155
132	167
132	180
132	183
132	184
132	195
132	196
132	197
132	198
132	199
132	200
132	202
132	203
133	136
133	137
133	138
133	139
133	140
133	141
133	142
133	147
133	148
133	151
133	180
133	183
133	184
133	187
133	192
133	193
133	194
133	195
133	196
133	197
133	198
133	199
133	200
133	201
133	202
133	203
134	137
134	138
134	139
134	140
134	141
134	194
134	195
134	196
134	197
134	198
134	199
134	200
134	201
134	202
135	138
135	139
135	140
135	141
135	147
135	151
135	195
135	198
135	199
135	202
136	139
136	140
136	141
136	142
136	144
136	147
136	198
136	199
136	202
137	140
137	141
137	142
137	143
137	144
137	147
137	198
137	199
137	201
137	202
137	203
137	205
137	206
138	141
138	142
138	143
138	144
138	145
138	146
138	147
138	148
138	202
138	203
138	205
138	206
139	142
139	143
139	144
139	145
139	146
139	147
139	148
139	149
139	150
139	151
139	199
139	202
140	143
140	144
140	145
140	146
140	147
140	148
140	149
140	150
140	151
140	170
140	174
140	180
140	198
140	199
140	200
140	201
140	202
140	203
140	204
140	205
140	206
141	144
141	145
141	146
141	147
141	148
141	170
141	171
141	174
141	175
141	180
141	198
141	199
141	200
141	201
141	202
141	203
141	204
141	205
141	206
141	207
142	145
142	146
142	147
142	148
142	149
142	167
142	170
142	171
142	173
142	174
142	175
142	176
142	177
142	178
142	179
142	180
142	181
142	184
142	199
142	200
142	201
142	202
142	203
142	204
142	205
142	206
142	207
142	208
142	213
143	146
143	147
143	148
143	149
143	167
143	169
143	170
143	171
143	172
143	173
143	174
143	175
143	176
143	177
143	180
143	202
143	203
143	205
143	206
143	207
144	147
144	148
144	149
144	150
144	151
144	167
144	170
144	171
144	172
144	173
144	174
144	175
144	202
144	203
144	206
145	148
145	149
145	150
145	151
145	152
145	167
145	168
145	169
145	170
145	171
145	172
145	173
145	174
145	175
145	176
145	180
146	149
146	150
146	151
146	152
146	153
146	167
146	168
146	170
146	171
146	172
146	173
146	174
147	150
147	151
147	152
147	153
147	154
147	167
147	168
147	170
147	171
147	174
148	151
148	152
148	153
148	154
148	155
148	163
148	164
148	165
148	166
148	167
148	168
148	169
148	170
148	171
148	172
148	173
148	174
148	175
148	176
148	179
148	180
148	183
149	152
149	153
149	154
149	155
149	156
149	164
149	165
149	166
149	167
149	168
149	169
149	170
149	171
149	172
149	173
149	174
150	153
150	154
150	155
150	156
150	157
150	164
150	167
150	168
150	170
150	171
151	154
151	155
151	156
151	157
151	158
151	160
151	161
151	163
151	164
151	165
151	166
151	167
151	168
151	169
151	170
151	171
151	183
152	155
152	156
152	157
152	158
152	159
152	160
152	161
152	162
152	163
152	164
152	165
152	166
152	167
152	168
152	169
152	170
152	171
152	172
152	179
152	183
152	567
153	156
153	157
153	158
153	159
153	160
153	161
153	162
153	163
153	164
153	165
153	166
153	167
153	168
153	171
154	157
154	158
154	159
154	160
154	161
154	163
154	164
154	165
154	167
154	168
155	158
155	159
155	160
155	161
155	162
155	163
155	164
155	165
155	166
155	167
155	168
155	183
155	316
155	319
156	159
156	160
156	161
156	162
156	163
156	164
156	165
156	166
156	167
156	168
156	312
156	313
156	315
156	316
156	317
156	318
156	319
156	320
156	567
157	160
157	161
157	162
157	163
157	164
157	165
157	315
157	316
157	317
157	318
157	319
157	320
157	322
157	323
157	597
158	161
158	162
158	163
158	164
158	315
158	316
158	317
158	319
158	320
158	322
158	323
158	325
159	162
159	163
159	164
159	165
159	289
159	292
159	297
159	300
159	301
159	304
159	305
159	312
159	313
159	314
159	315
159	316
159	317
159	318
159	319
159	320
159	321
159	322
159	323
159	325
159	328
159	329
159	332
160	163
160	164
160	165
160	166
160	167
160	285
160	286
160	288
160	289
160	292
160	300
160	301
160	304
160	305
160	308
160	312
160	313
160	315
160	316
160	317
160	319
160	320
161	164
161	165
161	166
161	167
161	168
161	285
161	288
161	289
161	301
161	304
161	305
161	308
161	309
161	310
161	311
161	312
161	313
161	314
161	315
161	316
161	317
161	318
161	319
161	320
161	332
161	567
161	568
162	165
162	166
162	167
162	168
162	169
162	179
162	182
162	183
162	186
162	281
162	282
162	283
162	284
162	285
162	286
162	288
162	289
162	300
162	301
162	303
162	304
162	305
162	306
162	307
162	308
162	309
162	310
162	311
162	312
162	313
162	315
162	316
162	567
162	568
162	571
163	166
163	167
163	168
163	169
163	170
163	179
163	180
163	182
163	183
163	184
163	185
163	186
163	187
163	281
163	282
163	283
163	284
163	285
163	286
163	288
163	289
163	304
163	308
163	312
163	316
163	568
164	167
164	168
164	169
164	170
164	171
164	179
164	180
164	182
164	183
164	285
164	312
164	316
164	566
164	567
164	568
165	168
165	169
165	170
165	171
165	172
165	179
165	180
165	182
165	183
165	281
165	282
165	285
165	308
165	309
165	311
165	312
165	315
165	563
165	566
165	567
165	568
165	569
165	570
165	571
166	169
166	170
166	171
166	172
166	173
166	176
166	177
166	178
166	179
166	180
166	181
166	182
166	183
166	184
166	186
166	278
166	279
166	281
166	282
166	285
166	312
166	563
166	566
166	567
166	568
166	569
167	170
167	171
167	172
167	173
167	174
167	175
167	176
167	177
167	178
167	179
167	180
167	181
167	182
167	183
167	184
167	563
167	566
167	567
167	568
168	171
168	172
168	173
168	174
168	175
168	176
168	179
168	180
168	183
168	562
168	563
168	564
168	565
168	566
168	567
168	568
168	569
169	172
169	173
169	174
169	175
169	176
169	177
169	178
169	179
169	180
169	181
169	182
169	183
169	559
169	560
169	561
169	562
169	563
169	564
169	565
169	566
169	567
169	568
169	569
170	173
170	174
170	175
170	176
170	177
170	178
170	179
170	180
170	181
170	182
170	183
170	559
170	560
170	562
170	563
170	566
170	567
170	568
171	174
171	175
171	176
171	177
171	179
171	180
171	559
171	562
171	563
171	565
171	566
171	567
172	175
172	176
172	177
172	179
172	558
172	559
172	560
172	561
172	562
172	563
172	564
172	565
172	566
172	567
172	568
172	569
173	176
173	177
173	178
173	179
173	180
173	555
173	556
173	557
173	558
173	559
173	560
173	561
173	562
173	563
173	564
173	565
173	566
174	177
174	178
174	179
174	180
174	203
174	206
174	207
174	555
174	556
174	558
174	559
174	560
174	562
174	563
175	178
175	179
175	180
175	181
175	203
175	206
175	207
175	210
175	212
175	213
175	552
175	555
175	556
175	558
175	559
175	560
175	562
175	563
176	179
176	180
176	181
176	182
176	183
176	203
176	207
176	210
176	212
176	213
176	249
176	537
176	555
176	556
176	558
176	559
176	560
176	562
176	563
177	180
177	181
177	182
177	183
177	184
177	200
177	203
177	204
177	206
177	207
177	210
177	211
177	212
177	213
177	214
177	215
177	216
177	217
177	247
177	248
177	249
177	250
177	252
177	253
177	278
177	559
178	181
178	182
178	183
178	184
178	185
178	186
178	203
178	212
178	213
178	215
178	216
178	247
178	248
178	249
178	250
178	251
178	252
178	253
178	276
178	277
178	278
178	279
178	281
178	282
179	182
179	183
179	184
179	185
179	186
179	203
179	212
179	213
179	216
179	249
179	253
179	278
179	279
179	281
179	282
179	563
180	183
180	184
180	185
180	186
180	187
180	196
180	199
180	200
180	201
180	202
180	203
180	204
180	206
180	207
180	212
180	213
180	215
180	216
180	217
180	249
180	253
180	278
180	279
180	282
181	184
181	185
181	186
181	187
181	188
181	196
181	197
181	199
181	200
181	201
181	202
181	203
181	204
181	212
181	213
181	214
181	215
181	216
181	217
181	218
181	219
181	220
181	249
181	250
181	252
181	253
181	254
181	256
181	257
181	278
181	279
181	282
182	185
182	186
182	187
182	188
182	189
182	196
182	199
182	200
182	212
182	213
182	216
182	219
182	220
182	249
182	252
182	253
182	256
182	277
182	278
182	279
182	280
182	281
182	282
182	283
182	284
182	285
182	286
183	186
183	187
183	188
183	189
183	190
183	192
183	195
183	196
183	197
183	199
183	200
183	203
183	216
183	219
183	220
183	278
183	279
183	281
183	282
183	283
183	285
183	286
184	187
184	188
184	189
184	190
184	191
184	192
184	193
184	194
184	195
184	196
184	197
184	198
184	199
184	200
184	201
184	202
184	203
184	204
184	213
184	215
184	216
184	217
184	218
184	219
184	220
184	221
184	223
184	253
184	279
184	282
184	286
185	188
185	189
185	190
185	191
185	192
185	193
185	195
185	196
185	197
185	199
185	200
185	215
185	216
185	217
185	218
185	219
185	220
185	221
185	222
185	223
185	224
185	253
185	256
185	257
185	260
185	278
185	279
185	280
185	281
185	282
185	283
185	285
185	286
186	189
186	190
186	191
186	192
186	193
186	195
186	196
186	197
186	199
186	200
186	216
186	219
186	220
186	223
186	278
186	279
186	280
186	281
186	282
186	283
186	284
186	285
186	286
186	287
186	288
186	289
186	290
187	190
187	191
187	192
187	193
187	194
187	195
187	196
187	197
187	198
187	199
187	200
187	219
187	220
187	223
187	282
187	283
187	285
187	286
187	289
187	290
188	191
188	192
188	193
188	194
188	195
188	196
188	197
188	198
188	199
188	200
188	216
188	217
188	219
188	220
188	221
188	222
188	223
188	224
188	260
188	282
188	283
188	286
189	192
189	193
189	194
189	195
189	196
189	197
189	219
189	220
189	223
189	224
189	260
189	279
189	282
189	283
189	284
189	285
189	286
189	287
189	289
189	290
190	193
190	194
190	195
190	196
190	223
190	282
190	283
190	285
190	286
190	287
190	288
190	289
190	290
190	291
190	292
190	293
190	294
191	194
191	195
191	196
191	197
191	220
191	223
191	224
191	286
191	289
191	290
191	293
192	195
192	196
192	197
192	198
192	199
192	220
192	223
192	224
192	286
192	290
192	293
193	196
193	197
193	198
193	199
193	200
193	219
193	220
193	221
193	222
193	223
193	224
193	225
194	197
194	198
194	199
194	200
194	201
194	220
194	221
194	223
194	224
195	198
195	199
195	200
195	201
195	202
195	220
196	199
196	200
196	201
196	202
196	203
196	216
196	217
196	219
196	220
196	221
196	223
196	224
197	200
197	201
197	202
197	203
197	204
197	216
197	217
197	218
197	219
197	220
197	221
197	222
197	223
197	224
197	226
198	201
198	202
198	203
198	204
198	205
198	216
198	217
198	220
198	221
199	202
199	203
199	204
199	205
199	206
199	213
199	216
199	217
199	219
199	220
200	203
200	204
200	205
200	206
200	207
200	212
200	213
200	214
200	215
200	216
200	217
200	218
200	219
200	220
200	221
200	222
200	223
200	224
200	233
201	204
201	205
201	206
201	207
201	208
201	213
201	214
201	215
201	216
201	217
201	218
201	219
201	220
201	221
201	229
201	233
202	205
202	206
202	207
202	208
202	213
202	214
202	216
202	217
202	220
203	206
203	207
203	208
203	209
203	210
203	211
203	212
203	213
203	214
203	215
203	216
203	217
203	218
203	219
203	220
204	207
204	208
204	209
204	210
204	211
204	212
204	213
204	214
204	215
204	216
204	217
204	218
204	219
204	220
204	233
204	234
204	236
204	237
204	240
205	208
205	209
205	210
205	213
205	214
205	216
205	217
205	233
206	209
206	210
206	211
206	212
206	213
206	214
206	217
207	210
207	211
207	212
207	213
207	214
207	215
207	216
207	217
207	236
207	237
207	240
208	211
208	212
208	213
208	214
208	217
208	236
208	237
208	240
209	212
209	213
209	214
209	215
209	236
209	237
209	238
209	239
209	240
209	241
209	242
209	243
209	244
210	213
210	214
210	215
210	216
210	217
210	233
210	234
210	236
210	237
210	238
210	239
210	240
210	241
210	242
210	243
210	244
210	247
210	249
210	250
211	214
211	215
211	216
211	217
211	218
211	233
211	234
211	235
211	236
211	237
211	238
211	239
211	240
211	241
211	242
211	243
211	244
211	245
211	246
211	247
211	248
211	249
211	250
211	251
211	252
211	253
211	254
212	215
212	216
212	217
212	218
212	219
212	233
212	234
212	235
212	236
212	237
212	238
212	239
212	240
212	241
212	242
212	243
212	244
212	245
212	246
212	247
212	248
212	249
212	250
212	251
212	252
212	253
212	254
213	216
213	217
213	218
213	219
213	220
213	233
213	234
213	235
213	236
213	237
213	238
213	240
213	241
213	249
213	250
213	253
213	254
214	217
214	218
214	219
214	220
214	221
214	229
214	230
214	231
214	232
214	233
214	234
214	235
214	236
214	237
214	238
214	239
214	240
214	241
214	249
214	250
214	253
214	254
215	218
215	219
215	220
215	221
215	222
215	229
215	230
215	231
215	232
215	233
215	234
215	235
215	236
215	237
215	238
215	239
215	240
215	241
215	249
215	250
215	251
215	252
215	253
215	254
215	255
215	256
215	257
215	258
216	219
216	220
216	221
216	222
216	223
216	230
216	233
216	234
216	235
216	236
216	237
216	249
216	250
216	251
216	252
216	253
216	254
216	255
216	256
216	257
217	220
217	221
217	222
217	223
217	224
217	226
217	229
217	230
217	231
217	232
217	233
217	234
217	235
217	236
217	237
217	253
217	254
217	257
218	221
218	222
218	223
218	224
218	225
218	226
218	227
218	228
218	229
218	230
218	231
218	232
218	233
218	234
218	235
218	236
218	237
218	238
218	253
218	254
218	256
218	257
218	258
218	260
219	222
219	223
219	224
219	225
219	226
219	227
219	229
219	230
219	231
219	232
219	233
219	234
219	237
219	253
219	254
219	255
219	256
219	257
219	258
219	259
219	260
219	261
220	223
220	224
220	225
220	226
220	227
220	228
220	229
220	230
220	231
220	233
220	234
220	253
220	257
220	260
221	224
221	225
221	226
221	227
221	228
221	229
221	230
221	231
221	232
221	233
221	234
221	257
221	260
221	261
222	225
222	226
222	227
222	228
222	229
222	230
222	231
222	232
222	233
222	234
222	254
222	256
222	257
222	258
222	259
222	260
222	261
222	262
223	226
223	227
223	229
223	230
223	256
223	257
223	258
223	259
223	260
223	261
223	262
224	227
224	228
224	229
224	230
224	260
224	261
225	228
225	229
225	230
225	231
225	260
225	261
226	229
226	230
226	231
226	232
226	233
226	234
227	230
227	231
227	232
227	233
227	234
227	235
227	261
228	231
228	232
228	233
228	234
228	235
229	232
229	233
229	234
229	235
229	236
230	233
230	234
230	235
230	236
230	237
230	254
230	257
231	234
231	235
231	236
231	237
231	238
231	257
232	235
232	236
232	237
232	238
232	239
233	236
233	237
233	238
233	239
233	240
233	254
234	237
234	238
234	239
234	240
234	241
234	250
234	251
234	253
234	254
234	255
234	257
234	258
235	238
235	239
235	240
235	241
235	254
236	239
236	240
236	241
236	242
236	250
237	240
237	241
237	242
237	243
237	244
237	245
237	247
237	249
237	250
237	251
237	253
237	254
238	241
238	242
238	243
238	244
238	245
238	247
238	250
238	251
238	253
238	254
239	242
239	243
239	244
239	245
239	250
240	243
240	244
240	245
240	247
240	250
241	244
241	245
241	246
241	247
241	248
241	249
241	250
241	251
241	254
242	245
242	246
242	247
242	250
243	246
243	247
243	250
243	544
243	547
243	549
244	247
244	248
244	249
244	250
244	251
244	540
244	541
244	543
244	544
244	547
244	549
244	552
245	248
245	249
245	250
245	251
245	540
245	543
245	544
245	547
246	249
246	250
246	251
246	252
246	274
246	537
246	539
246	540
246	541
246	542
246	543
246	544
246	545
246	546
246	547
247	250
247	251
247	252
247	253
247	254
247	274
247	275
247	276
247	537
247	540
247	541
247	543
247	544
248	251
248	252
248	253
248	254
248	255
248	270
248	271
248	272
248	273
248	274
248	275
248	276
248	277
248	536
248	537
248	540
248	541
249	252
249	253
249	254
249	255
249	256
249	270
249	271
249	273
249	274
249	275
249	276
249	277
249	278
249	279
249	537
249	540
250	253
250	254
250	255
250	256
250	257
250	270
250	271
250	274
250	275
250	276
251	254
251	255
251	256
251	257
251	258
251	267
251	268
251	269
251	270
251	271
251	272
251	273
251	274
251	275
251	276
251	277
252	255
252	256
252	257
252	258
252	259
252	267
252	268
252	269
252	270
252	271
252	272
252	273
252	274
252	275
252	276
252	277
252	278
252	279
252	280
253	256
253	257
253	258
253	259
253	260
253	267
253	268
253	270
253	271
253	274
253	275
253	276
253	277
253	278
253	279
254	257
254	258
254	259
254	260
254	261
254	263
254	264
254	266
254	267
254	268
254	270
254	271
254	274
254	276
254	279
255	258
255	259
255	260
255	261
255	262
255	263
255	264
255	265
255	266
255	267
255	268
255	269
255	270
255	271
255	272
255	273
255	274
255	275
255	276
255	277
255	279
256	259
256	260
256	261
256	262
256	263
256	264
256	265
256	266
256	267
256	268
256	269
256	270
256	271
256	272
256	274
256	276
256	277
256	278
256	279
256	280
256	282
256	283
257	260
257	261
257	262
257	263
257	264
257	266
257	267
257	268
257	270
257	271
257	279
258	261
258	262
258	263
258	264
258	265
258	266
258	267
258	268
258	269
258	270
258	271
259	262
259	263
259	264
259	265
259	266
259	267
259	268
259	269
259	270
259	271
259	279
259	283
260	263
260	264
260	265
260	266
260	267
260	268
260	279
260	283
261	264
261	265
261	266
261	267
262	265
262	266
262	267
262	268
263	266
263	267
263	268
263	269
263	270
264	267
264	268
264	269
264	270
264	271
264	272
265	268
265	269
265	270
265	271
265	272
266	269
266	270
266	271
266	272
266	273
267	270
267	271
267	272
267	273
267	274
267	275
267	276
267	277
267	279
268	271
268	272
268	273
268	274
268	275
268	276
268	277
268	279
268	280
269	272
269	273
269	274
269	275
269	276
269	277
270	273
270	274
270	275
270	276
270	277
271	274
271	275
271	276
271	277
271	278
271	279
271	280
272	275
272	276
272	277
272	278
273	276
273	277
274	277
274	278
275	278
275	279
275	533
275	536
275	537
276	279
276	280
276	281
276	533
276	536
276	537
277	280
277	281
277	282
277	283
277	533
278	281
278	282
278	283
278	284
278	285
278	533
279	282
279	283
279	284
279	285
279	286
280	283
280	284
280	285
280	286
280	287
280	307
280	308
281	284
281	285
281	286
281	287
281	288
281	303
281	304
281	307
281	308
281	309
282	285
282	286
282	287
282	288
282	289
282	304
282	307
282	308
283	286
283	287
283	288
283	289
283	290
283	303
283	304
283	307
283	308
284	287
284	288
284	289
284	290
284	291
284	300
284	301
284	302
284	303
284	304
284	305
284	306
284	307
284	308
284	309
285	288
285	289
285	290
285	291
285	292
285	299
285	300
285	301
285	302
285	303
285	304
285	305
285	306
285	307
285	308
285	309
286	289
286	290
286	291
286	292
286	293
286	300
286	301
286	303
286	304
286	307
287	290
287	291
287	292
287	293
287	294
287	296
287	297
287	299
287	300
287	301
287	302
287	303
287	304
287	307
288	291
288	292
288	293
288	294
288	295
288	296
288	297
288	298
288	299
288	300
288	301
288	302
288	303
288	304
288	305
288	306
288	307
288	308
289	292
289	293
289	294
289	295
289	296
289	297
289	298
289	299
289	300
289	301
289	302
289	303
289	304
289	305
290	293
290	294
290	295
290	296
290	297
290	298
290	299
290	300
290	301
290	303
290	304
291	294
291	295
291	296
291	297
291	298
291	299
291	300
291	301
291	302
291	303
291	304
292	295
292	296
292	297
292	298
292	299
292	300
292	301
292	302
292	303
292	304
292	328
293	296
293	297
293	298
293	299
293	300
293	301
294	297
294	298
294	299
294	300
295	298
295	299
295	300
295	301
296	299
296	300
296	301
296	302
296	303
296	328
297	300
297	301
297	302
297	303
297	304
297	320
297	325
297	327
297	328
297	329
297	331
297	332
298	301
298	302
298	303
298	304
298	305
298	306
298	325
298	327
298	328
298	329
298	330
298	331
298	332
298	334
298	335
299	302
299	303
299	304
299	305
299	306
299	307
299	328
299	331
299	332
299	335
300	303
300	304
300	305
300	306
300	307
300	308
300	313
300	316
300	328
300	331
300	332
300	335
301	304
301	305
301	306
301	307
301	308
301	312
301	313
301	314
301	315
301	316
301	317
301	320
301	327
301	328
301	329
301	330
301	331
301	332
301	333
301	334
301	335
301	336
302	305
302	306
302	307
302	308
302	309
302	310
302	312
302	313
302	314
302	316
302	317
302	328
302	329
302	330
302	331
302	332
302	333
302	334
302	335
302	336
302	337
302	338
302	339
303	306
303	307
303	308
303	309
303	312
303	313
303	331
303	332
303	334
303	335
303	336
303	338
303	339
304	307
304	308
304	309
304	310
304	311
304	312
304	313
304	314
304	315
304	316
304	317
304	331
304	332
304	333
304	335
304	336
304	339
305	308
305	309
305	310
305	311
305	312
305	313
305	314
305	315
305	316
305	317
305	328
305	329
305	330
305	331
305	332
305	333
305	334
305	335
305	336
305	337
305	338
305	339
305	340
305	346
306	309
306	310
306	311
306	312
306	313
306	314
306	316
306	331
306	332
306	333
306	334
306	335
306	336
306	337
306	338
306	339
306	340
307	310
307	312
307	313
307	332
307	335
307	336
307	338
307	339
307	340
308	311
308	312
308	313
308	314
308	315
308	316
308	332
308	335
308	336
308	338
308	339
308	568
308	571
308	572
308	575
309	312
309	313
309	314
309	315
309	316
309	332
309	333
309	335
309	336
309	337
309	338
309	339
309	340
309	346
309	567
309	568
309	569
309	570
309	571
309	572
309	573
309	574
309	575
309	576
309	578
310	313
310	314
310	315
310	316
310	317
310	332
310	333
310	334
310	335
310	336
310	337
310	338
310	339
310	340
310	341
310	342
310	343
310	344
310	345
310	346
310	347
310	349
310	567
310	568
310	569
310	570
310	571
310	572
310	573
310	574
310	575
310	576
310	577
310	578
310	579
310	586
310	587
310	590
311	314
311	315
311	316
311	317
311	318
311	319
311	332
311	333
311	335
311	336
311	337
311	339
311	340
311	343
311	344
311	345
311	346
311	347
311	348
311	349
311	567
311	568
311	569
311	570
311	571
311	572
311	573
311	574
311	575
311	578
311	586
311	587
311	589
311	590
311	591
311	593
311	594
311	597
311	599
312	315
312	316
312	317
312	318
312	319
312	332
312	333
312	335
312	336
312	337
312	339
312	345
312	346
312	349
312	567
312	568
312	569
312	570
312	571
312	572
312	574
312	575
312	590
312	593
312	594
313	316
313	317
313	318
313	319
313	320
313	328
313	329
313	330
313	331
313	332
313	333
313	334
313	335
313	336
313	337
313	338
313	339
313	340
313	343
313	345
313	346
313	349
313	350
313	571
314	317
314	318
314	319
314	320
314	321
314	328
314	329
314	330
314	331
314	332
314	333
314	334
314	335
314	336
314	337
314	338
314	339
314	340
314	343
314	344
314	345
314	346
314	347
314	348
314	349
314	350
314	351
314	352
314	353
314	571
314	590
314	594
314	597
314	598
314	599
314	600
315	318
315	319
315	320
315	321
315	322
315	328
315	329
315	330
315	332
315	333
315	334
315	335
315	336
315	345
315	346
315	348
315	349
315	350
315	567
315	571
315	590
315	591
315	593
315	594
315	595
315	596
315	597
315	598
315	599
315	600
316	319
316	320
316	321
316	322
316	323
316	325
316	326
316	328
316	329
316	330
316	331
316	332
316	333
316	334
316	335
316	336
316	346
316	349
316	350
316	594
316	597
316	599
317	320
317	321
317	322
317	323
317	324
317	325
317	326
317	327
317	328
317	329
317	330
317	331
317	332
317	333
317	334
317	335
317	336
317	337
317	345
317	346
317	347
317	348
317	349
317	350
317	351
317	352
317	353
317	354
317	597
317	598
317	599
318	321
318	322
318	323
318	324
318	325
318	326
318	327
318	328
318	329
318	330
318	331
318	332
318	333
318	334
318	336
318	345
318	346
318	347
318	348
318	349
318	350
318	351
318	352
318	353
318	354
318	356
318	594
318	596
318	597
318	598
318	599
318	600
318	624
318	627
318	628
318	631
319	322
319	323
319	324
319	325
319	326
319	327
319	328
319	329
319	330
319	331
319	332
319	333
319	349
319	352
319	353
319	594
319	597
319	598
319	599
319	627
319	628
320	323
320	324
320	325
320	326
320	327
320	328
320	329
320	330
320	331
320	332
320	333
320	349
320	350
320	352
320	353
320	598
320	627
320	628
321	324
321	325
321	326
321	327
321	328
321	329
321	330
321	331
321	332
321	333
321	349
321	350
321	351
321	352
321	353
321	354
321	355
321	356
321	357
321	597
321	598
321	599
321	627
321	628
321	629
321	630
321	631
322	325
322	326
322	327
322	328
322	329
322	330
322	349
322	352
322	353
322	356
322	597
322	598
322	599
322	623
322	624
322	625
322	626
322	627
322	628
322	629
322	630
322	631
323	326
323	327
323	328
323	329
323	353
323	626
323	627
323	628
323	629
323	630
324	327
324	328
324	329
324	330
324	353
324	356
324	357
324	627
324	628
324	629
324	630
324	631
325	328
325	329
325	330
325	331
325	332
325	353
325	356
325	357
325	628
325	629
326	329
326	330
326	331
326	332
326	333
326	334
326	349
326	350
326	352
326	353
326	354
326	355
326	356
326	357
326	358
326	628
326	629
326	630
327	330
327	331
327	332
327	333
327	334
327	350
327	353
327	354
327	356
327	357
328	331
328	332
328	333
328	334
328	335
328	350
328	353
329	332
329	333
329	334
329	335
329	336
329	346
329	349
329	350
329	351
329	352
329	353
329	354
329	356
329	357
330	333
330	334
330	335
330	336
330	337
330	338
330	346
330	347
330	349
330	350
330	351
330	352
330	353
330	354
330	355
330	356
330	357
330	359
331	334
331	335
331	336
331	337
331	338
331	346
331	349
331	350
331	353
331	354
332	335
332	336
332	337
332	338
332	339
332	346
332	349
332	350
332	353
333	336
333	337
333	338
333	339
333	340
333	341
333	343
333	344
333	345
333	346
333	347
333	348
333	349
333	350
333	351
333	352
333	353
333	354
334	337
334	338
334	339
334	340
334	341
334	343
334	345
334	346
334	347
334	348
334	349
334	350
334	351
334	353
334	354
334	366
335	338
335	339
335	340
335	341
335	343
335	346
335	347
335	349
335	350
336	339
336	340
336	341
336	342
336	343
336	344
336	345
336	346
336	347
336	348
336	349
336	350
336	575
336	578
337	340
337	341
337	342
337	343
337	344
337	345
337	346
337	347
337	348
337	349
337	350
337	351
337	366
337	578
338	341
338	342
338	343
338	346
338	347
339	342
339	343
339	346
339	575
339	578
339	579
340	343
340	344
340	345
340	346
340	347
340	574
340	575
340	576
340	577
340	578
340	579
340	580
340	581
341	344
341	345
341	346
341	347
341	350
341	366
341	369
341	370
341	373
341	578
341	579
341	581
342	345
342	346
342	347
342	348
342	366
342	367
342	368
342	369
342	370
342	371
342	372
342	373
342	374
342	575
342	577
342	578
342	579
342	580
342	581
342	582
342	583
342	586
343	346
343	347
343	348
343	349
343	350
343	366
343	367
343	369
343	370
343	371
343	372
343	373
343	374
343	574
343	575
343	576
343	577
343	578
343	579
343	580
343	581
343	582
343	583
343	584
343	586
343	587
343	590
344	347
344	348
344	349
344	350
344	351
344	365
344	366
344	367
344	368
344	369
344	370
344	371
344	372
344	373
344	374
344	375
344	376
344	377
344	380
344	381
344	574
344	575
344	577
344	578
344	581
344	582
344	583
344	584
344	585
344	586
344	587
344	588
344	590
344	591
345	348
345	349
345	350
345	351
345	352
345	366
345	367
345	369
345	370
345	371
345	373
345	374
345	377
345	380
345	574
345	575
345	578
345	583
345	584
345	585
345	586
345	587
345	588
345	589
345	590
345	591
345	594
345	599
345	600
345	603
346	349
346	350
346	351
346	352
346	353
346	354
346	363
346	366
346	367
346	369
346	370
346	574
346	578
346	586
346	587
346	590
346	599
346	600
347	350
347	351
347	352
347	353
347	354
347	362
347	363
347	364
347	365
347	366
347	367
347	368
347	369
347	370
347	371
347	373
347	380
347	384
347	587
347	599
348	351
348	352
348	353
348	354
348	355
348	362
348	363
348	364
348	365
348	366
348	367
348	368
348	369
348	370
348	371
348	377
348	379
348	380
348	381
348	383
348	384
348	387
348	587
348	590
348	591
348	598
348	599
348	600
348	602
348	603
348	633
349	352
349	353
349	354
349	355
349	356
349	363
349	366
349	367
349	370
349	380
349	590
349	594
349	597
349	598
349	599
349	600
349	601
349	602
349	603
350	353
350	354
350	355
350	356
350	357
350	358
350	359
350	360
350	362
350	363
350	364
350	365
350	366
350	367
350	370
350	599
351	354
351	355
351	356
351	357
351	358
351	359
351	360
351	361
351	362
351	363
351	364
351	365
351	366
351	367
351	368
351	369
351	370
351	380
351	383
351	384
351	387
351	598
351	599
351	602
351	631
351	632
351	633
352	355
352	356
352	357
352	358
352	359
352	360
352	362
352	363
352	364
352	366
352	367
352	380
352	383
352	384
352	387
352	597
352	598
352	599
352	600
352	601
352	602
352	603
352	624
352	628
352	629
352	630
352	631
352	632
352	633
352	634
353	356
353	357
353	358
353	359
353	360
353	362
353	363
353	364
353	366
353	598
353	599
353	628
353	629
353	630
353	631
353	632
353	633
354	357
354	358
354	359
354	360
354	361
354	362
354	363
354	364
354	365
354	366
354	367
354	387
354	391
354	630
354	631
354	632
354	633
355	358
355	359
355	360
355	361
355	362
355	363
355	364
355	365
355	366
355	367
355	383
355	384
355	386
355	387
355	388
355	390
355	391
355	393
355	394
355	396
355	628
355	630
355	631
355	632
355	633
355	634
355	635
356	359
356	360
356	363
356	387
356	390
356	391
356	393
356	394
356	628
356	629
356	630
356	631
356	632
356	633
356	634
356	635
357	360
357	361
357	362
357	363
357	391
357	394
357	630
357	631
357	632
358	361
358	362
358	363
358	364
358	387
358	390
358	391
358	392
358	393
358	394
358	395
358	396
358	630
358	631
358	632
358	633
359	362
359	363
359	364
359	365
359	366
359	387
359	390
359	391
359	394
359	395
359	396
359	399
359	400
360	363
360	364
360	365
360	366
360	367
360	384
360	386
360	387
360	388
360	389
360	390
360	391
360	392
360	393
360	394
360	395
360	396
360	397
360	398
360	399
360	400
360	403
360	632
360	633
361	364
361	365
361	366
361	367
361	368
361	384
361	387
361	388
361	390
361	391
361	392
361	394
361	395
361	396
361	397
361	398
361	399
361	400
361	401
361	402
361	403
361	404
362	365
362	366
362	367
362	368
362	369
362	384
362	387
362	388
362	391
362	396
362	399
362	400
362	403
363	366
363	367
363	368
363	369
363	370
363	383
363	384
363	386
363	387
363	388
363	390
363	391
363	396
363	399
363	400
363	403
363	633
364	367
364	368
364	369
364	370
364	371
364	380
364	381
364	382
364	383
364	384
364	385
364	386
364	387
364	388
364	389
364	390
364	391
364	396
364	397
364	399
364	400
364	401
364	402
364	403
364	404
364	406
364	407
364	633
365	368
365	369
365	370
365	371
365	372
365	381
365	383
365	384
365	385
365	387
365	388
365	399
365	400
365	401
365	402
365	403
365	404
365	406
365	407
366	369
366	370
366	371
366	372
366	373
366	380
366	381
366	383
366	384
366	387
366	403
367	370
367	371
367	372
367	373
367	374
367	375
367	377
367	378
367	379
367	380
367	381
367	382
367	383
367	384
367	385
367	386
367	387
367	388
367	403
367	404
367	407
368	371
368	372
368	373
368	374
368	375
368	377
368	380
368	381
368	382
368	383
368	384
368	385
368	387
368	388
368	400
368	402
368	403
368	404
368	405
368	406
368	407
368	408
368	410
369	372
369	373
369	374
369	375
369	377
369	380
369	381
369	384
369	403
369	406
369	407
369	410
370	373
370	374
370	375
370	376
370	377
370	378
370	379
370	380
370	381
370	383
370	384
370	407
370	583
370	584
370	587
371	374
371	375
371	376
371	377
371	378
371	379
371	380
371	381
371	382
371	383
371	384
371	406
371	407
371	410
371	411
371	583
371	584
372	375
372	376
372	377
372	381
372	406
372	407
372	410
372	411
372	415
372	419
372	583
373	376
373	377
373	578
373	581
373	582
373	583
373	584
373	586
373	587
374	377
374	378
374	380
374	381
374	419
374	578
374	581
374	582
374	583
374	584
374	585
374	586
374	587
375	378
375	379
375	380
375	381
375	407
375	410
375	411
375	415
375	416
375	419
375	583
375	584
376	379
376	380
376	381
376	382
376	419
376	423
376	436
376	439
376	443
376	451
376	455
376	583
376	584
376	585
376	587
376	588
377	380
377	381
377	382
377	383
377	384
377	439
377	443
377	583
377	584
377	587
377	588
377	603
377	604
377	606
377	607
378	381
378	382
378	383
378	384
378	385
378	411
378	451
378	603
378	604
378	605
378	606
378	607
378	608
378	609
378	610
378	611
379	382
379	383
379	384
379	385
379	386
379	443
379	446
379	448
379	587
379	588
379	591
379	599
379	600
379	601
379	602
379	603
379	604
379	605
379	606
379	607
379	608
379	609
379	610
379	611
379	637
380	383
380	384
380	385
380	386
380	387
380	587
380	591
380	599
380	600
380	601
380	602
380	603
380	604
380	605
380	606
380	607
380	610
380	633
380	637
381	384
381	385
381	386
381	387
381	388
381	404
381	407
381	408
381	410
381	411
381	602
381	603
381	606
381	607
381	610
382	385
382	386
382	387
382	388
382	389
382	404
382	407
382	602
382	603
382	604
382	605
382	606
382	607
382	608
382	609
382	610
382	633
382	634
382	636
382	637
382	640
382	641
383	386
383	387
383	388
383	389
383	390
383	391
383	404
383	599
383	600
383	601
383	602
383	603
383	604
383	605
383	606
383	607
383	609
383	610
383	632
383	633
383	634
383	635
383	636
383	637
383	638
383	640
384	387
384	388
384	389
384	390
384	391
384	400
384	401
384	403
384	404
384	405
384	406
384	407
384	408
384	602
384	603
384	606
384	633
384	636
384	637
385	388
385	389
385	390
385	391
385	400
385	401
385	403
385	404
385	405
385	406
385	407
385	408
385	606
385	633
385	636
385	637
385	640
386	389
386	390
386	391
386	392
386	400
386	404
386	602
386	603
386	606
386	632
386	633
386	634
386	635
386	636
386	637
386	638
386	639
386	640
386	641
387	390
387	391
387	392
387	393
387	394
387	396
387	397
387	399
387	400
387	401
387	403
387	404
387	631
387	632
387	633
387	634
387	635
387	636
387	637
388	391
388	392
388	393
388	394
388	395
388	396
388	397
388	398
388	399
388	400
388	401
388	402
388	403
388	404
388	405
388	406
388	407
388	408
388	633
388	636
388	637
389	392
389	393
389	394
389	395
389	396
389	397
389	398
389	399
389	400
389	401
389	403
389	404
389	632
389	633
389	635
389	636
389	637
389	639
389	640
390	393
390	394
390	395
390	396
390	397
390	399
390	400
390	401
390	631
390	632
390	633
390	634
390	635
390	636
390	637
390	639
390	640
391	394
391	395
391	396
391	397
391	398
391	399
391	400
391	401
391	402
391	403
391	404
391	632
391	633
391	636
392	395
392	396
392	397
392	398
392	399
392	400
392	401
392	632
392	636
393	396
393	397
393	398
393	400
393	632
393	633
393	636
394	397
394	398
394	399
394	400
394	632
395	398
395	399
395	400
395	401
396	399
396	400
396	401
396	402
396	403
396	404
397	400
397	401
397	402
397	403
397	404
398	401
398	402
398	403
398	404
398	405
399	402
399	403
399	404
399	405
399	406
400	403
400	404
400	405
400	406
400	407
400	408
401	404
401	405
401	406
401	407
401	408
402	405
402	406
402	407
402	408
402	409
403	406
403	407
403	408
403	409
403	410
404	407
404	408
404	409
404	410
404	411
405	408
405	409
405	410
405	411
405	412
406	409
406	410
406	411
406	412
407	410
407	411
407	412
407	415
408	411
408	412
408	413
408	414
408	415
409	412
409	413
409	414
409	415
409	416
410	413
410	414
410	415
410	416
410	417
410	418
410	419
411	414
411	415
411	416
411	417
411	418
411	419
412	415
412	416
412	417
412	418
412	419
413	416
413	417
413	418
413	419
413	420
413	421
414	417
414	418
414	419
414	420
414	421
415	418
415	419
415	420
415	421
415	422
416	419
416	420
416	421
416	422
416	423
417	420
417	421
417	422
417	423
417	424
418	421
418	422
418	423
418	424
418	425
419	422
419	423
419	424
419	425
419	426
420	423
420	424
420	425
420	426
421	424
421	425
421	426
421	788
422	425
422	426
422	427
422	428
422	429
422	462
422	788
422	789
423	426
423	427
423	428
423	429
423	432
423	433
423	436
423	455
423	458
423	459
423	461
423	462
424	427
424	428
424	429
424	432
424	433
424	458
424	459
424	460
424	461
424	462
424	463
424	784
424	785
424	786
424	788
424	789
425	428
425	429
425	430
425	432
425	433
425	458
425	459
425	461
425	462
425	463
425	784
425	785
425	786
425	787
425	788
425	789
425	790
426	429
426	430
426	431
426	432
426	433
426	434
426	435
426	436
426	458
426	459
426	460
426	461
426	462
426	463
426	784
426	785
426	786
426	788
426	789
427	430
427	431
427	432
427	433
427	434
427	458
427	459
427	460
427	461
427	462
427	463
427	464
427	465
427	466
427	782
427	783
427	784
427	785
427	786
427	788
427	789
428	431
428	432
428	433
428	459
428	461
428	462
428	463
428	783
428	784
428	785
428	786
428	787
428	788
428	789
428	790
429	432
429	433
429	434
429	435
429	436
429	459
429	461
429	462
429	463
429	465
429	466
429	582
429	783
429	784
429	785
429	789
430	433
430	434
430	435
430	436
430	437
430	458
430	459
430	460
430	461
430	462
430	463
430	464
430	465
430	466
430	467
430	468
430	469
430	495
430	498
430	582
430	783
430	784
431	434
431	435
431	436
431	437
431	438
431	459
431	462
431	463
431	465
431	466
431	467
431	469
431	500
431	577
431	580
431	581
431	582
431	583
431	584
431	585
432	435
432	436
432	437
432	438
432	439
432	455
432	456
432	458
432	459
432	460
432	461
432	462
432	463
432	464
432	465
432	466
432	467
432	577
432	580
432	581
432	582
432	583
432	584
432	585
433	436
433	437
433	438
433	439
433	440
433	455
433	456
433	457
433	458
433	459
433	460
433	461
433	462
433	463
433	464
433	465
433	466
433	467
433	468
433	469
433	470
433	582
433	584
433	585
434	437
434	438
434	439
434	440
434	441
434	455
434	456
434	457
434	458
434	459
434	460
434	461
434	462
434	463
434	464
434	465
434	466
434	467
434	468
434	469
434	470
434	471
434	500
434	577
434	582
434	583
434	584
434	585
434	586
435	438
435	439
435	440
435	441
435	442
435	455
435	456
435	458
435	459
435	460
435	462
435	463
435	466
435	467
435	469
435	470
435	573
435	574
435	577
435	580
435	581
435	582
435	583
435	584
435	585
435	586
435	587
435	588
435	589
436	439
436	440
436	441
436	442
436	443
436	451
436	452
436	453
436	454
436	455
436	456
436	457
436	458
436	459
436	460
436	461
436	462
436	463
436	466
436	467
436	470
436	582
436	583
436	584
436	585
436	586
436	587
436	588
437	440
437	441
437	442
437	443
437	444
437	451
437	452
437	453
437	454
437	455
437	456
437	457
437	458
437	459
437	460
437	461
437	462
437	463
437	464
437	465
437	466
437	467
437	468
437	469
437	470
437	471
437	584
437	585
437	588
438	441
438	442
438	443
438	444
438	445
438	452
438	453
438	455
438	456
438	458
438	459
438	466
438	467
438	469
438	470
438	582
438	583
438	584
438	585
438	586
438	587
438	588
438	589
438	590
438	591
438	592
439	442
439	443
439	444
439	445
439	446
439	448
439	449
439	451
439	452
439	453
439	454
439	455
439	456
439	457
439	458
439	459
439	582
439	583
439	584
439	585
439	586
439	587
439	588
439	589
439	590
439	591
439	592
440	443
440	444
440	445
440	446
440	447
440	448
440	449
440	450
440	451
440	452
440	453
440	454
440	455
440	456
440	457
440	458
440	459
440	460
440	467
440	470
440	584
440	585
440	588
440	589
440	592
441	444
441	445
441	446
441	447
441	448
441	449
441	450
441	451
441	452
441	453
441	454
441	455
441	456
441	457
441	459
441	467
441	470
441	471
441	584
441	585
441	588
441	589
441	591
441	592
442	445
442	446
442	447
442	448
442	449
442	451
442	452
442	453
442	455
442	456
442	584
442	585
442	586
442	587
442	588
442	589
442	590
442	591
442	592
442	593
442	595
443	446
443	447
443	448
443	449
443	450
443	451
443	452
443	453
443	454
443	455
443	456
443	584
443	585
443	587
443	588
443	589
443	591
443	592
443	604
443	607
443	687
443	688
443	689
444	447
444	448
444	449
444	450
444	451
444	452
444	453
444	454
444	455
444	456
444	588
444	592
444	687
444	688
444	689
444	690
445	448
445	449
445	450
445	451
445	452
445	588
445	589
445	591
445	592
445	593
445	595
445	604
445	689
446	449
446	450
446	451
446	452
446	588
446	591
446	592
446	593
446	595
446	596
446	600
446	601
446	603
446	604
446	605
446	607
446	608
446	611
446	616
446	688
446	689
447	450
447	451
447	452
447	453
447	604
447	607
447	608
447	611
447	613
447	684
447	687
447	688
447	689
447	690
447	691
447	692
447	693
448	451
448	452
448	453
448	454
448	455
448	604
448	607
448	608
448	610
448	611
448	613
448	684
448	685
448	686
448	687
448	688
448	689
448	690
448	691
448	692
449	452
449	453
449	454
449	455
449	456
449	457
449	611
449	684
449	685
449	686
449	687
449	688
449	689
449	690
449	691
449	692
450	453
450	454
450	455
450	456
450	457
450	611
450	683
450	684
450	685
450	686
450	687
450	688
450	689
450	690
451	454
451	455
451	456
451	457
451	458
451	607
451	611
451	686
451	687
451	688
451	689
452	455
452	456
452	457
452	458
452	459
452	588
452	687
452	688
452	689
453	456
453	457
453	458
453	459
453	460
453	686
453	687
453	688
453	689
454	457
454	458
454	459
454	460
454	461
454	687
454	688
455	458
455	459
455	460
455	461
455	462
455	467
455	584
455	585
456	459
456	460
456	461
456	462
456	463
456	464
456	466
456	467
456	468
456	470
456	471
457	460
457	461
457	462
457	463
457	464
457	466
457	467
458	461
458	462
458	463
458	464
458	466
458	467
459	462
459	463
459	464
459	465
459	466
459	467
459	468
459	469
459	470
459	584
460	463
460	464
460	465
460	466
460	467
460	468
460	469
460	470
460	471
460	779
460	780
461	464
461	465
461	466
461	467
461	782
461	784
462	465
462	466
462	467
462	782
462	783
462	784
463	466
463	467
463	468
463	469
463	470
463	780
463	781
463	782
463	783
463	784
464	467
464	468
464	469
464	470
464	471
464	491
464	778
464	779
464	780
464	781
464	782
464	783
464	784
465	468
465	469
465	470
465	471
465	472
465	487
465	488
465	490
465	491
465	492
465	493
465	494
465	495
465	498
465	501
465	778
465	779
465	780
465	781
465	782
465	783
466	469
466	470
466	471
466	472
466	473
466	488
466	491
466	495
466	498
466	500
466	501
467	470
467	471
467	472
467	473
467	474
467	487
467	491
467	778
467	779
468	471
468	472
468	473
468	474
468	475
468	484
468	486
468	487
468	488
468	489
468	490
468	491
468	492
468	494
468	500
468	501
468	778
468	779
468	780
468	781
469	472
469	473
469	474
469	475
469	476
469	484
469	485
469	487
469	488
469	489
469	490
469	491
469	492
469	495
469	498
469	499
469	500
469	501
469	502
469	503
469	504
469	505
470	473
470	474
470	475
470	476
470	477
470	484
470	487
470	488
470	491
470	500
470	501
470	504
471	474
471	475
471	476
471	477
471	478
471	480
471	483
471	484
471	485
471	487
471	488
471	491
471	501
471	504
472	475
472	476
472	477
472	478
472	479
472	480
472	481
472	482
472	483
472	484
472	485
472	486
472	487
472	488
472	489
472	490
472	491
472	492
472	500
472	501
472	502
472	503
472	504
472	505
472	507
472	508
473	476
473	477
473	478
473	479
473	480
473	481
473	482
473	483
473	484
473	485
473	486
473	487
473	488
473	489
473	491
473	500
473	501
473	502
473	503
473	504
473	505
473	506
473	507
473	508
474	477
474	478
474	479
474	480
474	481
474	483
474	484
474	485
474	487
474	488
474	501
474	504
474	505
474	507
474	508
475	478
475	479
475	480
475	481
475	482
475	483
475	484
475	485
475	486
475	487
475	488
475	504
475	505
475	507
475	508
476	479
476	480
476	481
476	482
476	483
476	484
476	485
476	486
476	487
476	488
476	501
476	503
476	504
476	505
476	506
476	507
476	508
476	509
476	510
476	511
476	512
477	480
477	481
477	482
477	483
477	484
477	485
477	504
477	505
477	506
477	507
477	508
477	509
477	510
477	511
477	557
477	558
477	561
477	562
478	481
478	482
478	483
478	484
478	507
478	508
478	511
479	482
479	483
479	484
479	485
479	504
479	507
479	508
479	509
479	510
479	511
479	512
480	483
480	484
480	485
480	486
480	487
480	488
480	508
480	509
480	511
480	512
481	484
481	485
481	486
481	487
481	488
481	504
481	505
481	506
481	507
481	508
481	509
481	510
481	511
481	512
481	513
481	514
482	485
482	486
482	487
482	488
482	489
482	505
482	508
482	509
482	511
482	512
483	486
483	487
483	488
483	489
483	490
483	505
483	508
483	509
483	512
484	487
484	488
484	489
484	490
484	491
484	501
484	502
484	504
484	505
484	506
484	507
484	508
484	509
484	511
484	512
485	488
485	489
485	490
485	491
485	492
485	493
485	501
485	502
485	503
485	504
485	505
485	506
485	507
485	508
485	509
485	510
485	511
485	512
485	514
485	517
485	518
486	489
486	490
486	491
486	492
486	493
486	501
486	505
486	508
486	509
487	490
487	491
487	492
487	493
487	494
487	501
487	504
487	505
487	508
487	777
487	778
487	779
488	491
488	492
488	493
488	494
488	495
488	496
488	498
488	499
488	500
488	501
488	502
488	503
488	504
488	505
488	506
488	507
488	508
488	509
488	521
489	492
489	493
489	494
489	495
489	496
489	497
489	498
489	501
489	502
489	504
489	505
489	506
489	508
489	509
489	517
489	521
490	493
490	494
490	495
490	496
490	498
490	501
490	502
490	505
490	779
490	780
490	781
491	494
491	495
491	496
491	497
491	498
491	499
491	500
491	501
491	502
491	504
491	505
491	779
491	780
491	781
492	495
492	496
492	497
492	498
492	499
492	500
492	501
492	502
492	503
492	504
492	505
492	521
492	524
492	525
493	496
493	497
493	498
493	501
493	502
494	497
494	498
494	501
494	780
494	781
494	782
494	783
495	498
495	499
495	500
495	501
495	502
496	499
496	500
496	501
496	502
496	521
496	524
496	525
496	528
497	500
497	501
497	502
497	503
497	521
497	524
497	525
497	526
497	527
497	528
497	529
498	501
498	502
498	503
498	504
498	505
498	521
498	522
498	524
498	525
498	526
498	527
498	528
498	529
499	502
499	503
499	504
499	505
499	506
499	520
499	521
499	522
499	523
499	524
499	525
499	526
499	527
499	528
499	529
499	530
499	531
499	532
499	535
500	503
500	504
500	505
500	506
500	507
500	521
500	522
500	523
500	524
500	525
500	526
500	527
500	528
500	529
500	532
500	535
501	504
501	505
501	506
501	507
501	508
501	509
501	518
501	521
501	522
501	524
501	525
501	526
501	528
501	535
502	505
502	506
502	507
502	508
502	509
502	517
502	518
502	519
502	520
502	521
502	522
502	523
502	524
502	525
502	526
502	527
502	528
502	529
502	532
502	535
502	538
502	539
503	506
503	507
503	508
503	509
503	510
503	517
503	518
503	519
503	520
503	521
503	522
503	523
503	524
503	525
503	526
503	527
503	528
503	529
503	532
503	533
503	534
503	535
503	536
503	537
503	538
503	539
503	557
503	560
503	561
504	507
504	508
504	509
504	510
504	511
504	517
504	518
504	519
504	520
504	521
504	522
504	523
504	524
504	525
504	526
504	534
504	535
504	538
504	539
504	557
504	561
505	508
505	509
505	510
505	511
505	512
505	514
505	515
505	516
505	517
505	518
505	519
505	520
505	521
505	522
505	523
505	524
505	525
505	535
505	538
505	539
506	509
506	510
506	511
506	512
506	513
506	514
506	515
506	516
506	517
506	518
506	519
506	520
506	521
506	522
506	523
506	524
506	525
506	526
506	535
506	536
506	538
506	539
506	540
506	541
506	542
506	557
507	510
507	511
507	512
507	513
507	514
507	515
507	516
507	517
507	518
507	519
507	520
507	521
507	522
507	523
507	525
507	534
507	535
507	537
507	538
507	539
507	540
507	541
507	542
507	553
507	554
507	556
507	557
507	558
507	560
507	561
508	511
508	512
508	513
508	514
508	515
508	517
508	518
508	519
508	521
508	522
508	538
508	542
508	554
508	557
508	561
509	512
509	513
509	514
509	515
509	516
509	517
509	518
509	519
509	520
509	521
509	522
509	538
509	539
509	542
509	545
509	553
509	554
509	557
510	513
510	514
510	515
510	516
510	517
510	518
510	519
510	520
510	521
510	522
510	538
510	539
510	540
510	541
510	542
510	543
510	544
510	545
510	546
510	548
510	549
510	550
510	552
510	553
510	554
510	555
510	556
510	557
510	558
511	514
511	515
511	517
511	518
511	519
511	538
511	541
511	542
511	545
511	550
511	551
511	552
511	553
511	554
511	555
511	556
511	557
511	558
511	561
512	515
512	516
512	517
512	518
512	542
512	545
512	550
512	553
512	554
512	557
513	516
513	517
513	518
513	519
513	541
513	542
513	543
513	544
513	545
513	546
513	547
513	548
513	549
513	550
513	551
513	552
513	553
513	554
513	557
514	517
514	518
514	519
514	520
514	521
514	541
514	542
514	543
514	544
514	545
514	546
514	547
514	548
514	549
514	550
514	553
515	518
515	519
515	520
515	521
515	522
515	523
515	538
515	539
515	540
515	541
515	542
515	543
515	544
515	545
515	546
515	547
515	548
515	549
515	550
515	553
516	519
516	520
516	521
516	522
516	523
516	539
516	541
516	542
516	543
516	544
516	545
516	546
516	547
516	548
517	520
517	521
517	522
517	523
517	524
517	539
517	542
517	543
517	545
517	546
518	521
518	522
518	523
518	524
518	525
518	535
518	536
518	538
518	539
518	540
518	541
518	542
518	543
518	544
518	545
518	546
518	553
518	557
519	522
519	523
519	524
519	525
519	526
519	535
519	536
519	537
519	538
519	539
519	540
519	541
519	542
519	543
519	544
519	545
519	546
519	547
519	553
519	557
520	523
520	524
520	525
520	526
520	527
520	535
520	536
520	538
520	539
520	540
520	541
520	542
520	543
520	546
521	524
521	525
521	526
521	527
521	528
521	535
521	536
521	538
521	539
521	540
521	542
522	525
522	526
522	527
522	528
522	529
522	530
522	532
522	533
522	534
522	535
522	536
522	537
522	538
522	539
522	540
522	541
522	542
522	543
522	557
523	526
523	527
523	528
523	529
523	530
523	532
523	533
523	534
523	535
523	536
523	537
523	538
523	539
523	540
523	541
523	542
523	543
524	527
524	528
524	529
524	530
524	532
524	535
524	536
524	538
524	539
525	528
525	529
525	530
525	531
525	532
525	533
525	534
525	535
525	536
525	537
525	538
525	539
526	529
526	530
526	531
526	532
526	533
526	534
526	535
526	536
526	537
526	538
526	539
526	540
527	530
527	531
527	532
527	533
527	534
527	535
527	536
527	539
528	531
528	532
528	533
528	535
528	536
529	532
529	533
529	534
529	535
529	536
529	576
530	533
530	534
530	535
530	536
530	537
530	576
531	534
531	535
531	536
531	537
531	569
531	572
531	573
531	575
531	576
532	535
532	536
532	537
532	538
532	539
532	560
532	563
532	564
532	569
532	572
532	573
532	576
533	536
533	537
533	538
533	539
533	540
533	560
533	561
533	563
533	564
533	568
533	569
533	572
533	573
534	537
534	538
534	539
534	540
534	541
534	556
534	557
534	558
534	559
534	560
534	561
534	562
534	563
534	564
534	565
534	566
534	568
534	569
534	572
535	538
535	539
535	540
535	541
535	542
535	557
535	560
535	561
535	563
535	564
536	539
536	540
536	541
536	542
536	543
536	560
537	540
537	541
537	542
537	543
537	544
537	556
537	557
537	558
537	559
537	560
537	561
537	563
537	564
538	541
538	542
538	543
538	544
538	545
538	552
538	553
538	554
538	555
538	556
538	557
538	558
538	559
538	560
538	561
538	562
538	563
538	564
539	542
539	543
539	544
539	545
539	546
539	553
539	556
539	557
539	560
540	543
540	544
540	545
540	546
540	547
540	552
540	553
540	556
540	557
540	560
541	544
541	545
541	546
541	547
541	548
541	549
541	550
541	551
541	552
541	553
541	554
541	555
541	556
541	557
541	558
541	559
541	560
541	561
542	545
542	546
542	547
542	548
542	549
542	550
542	551
542	552
542	553
542	554
542	555
542	556
542	557
542	560
543	546
543	547
543	548
543	549
543	550
543	552
543	553
543	556
543	557
544	547
544	548
544	549
544	550
544	551
544	552
544	553
544	554
544	555
544	556
544	557
545	548
545	549
545	550
545	551
545	552
545	553
545	554
545	555
545	556
545	557
546	549
546	550
546	552
546	553
547	550
547	551
547	552
547	553
548	551
548	552
548	553
548	554
549	552
549	553
549	554
549	555
549	556
550	553
550	554
550	555
550	556
550	557
551	554
551	555
551	556
551	557
551	558
552	555
552	556
552	557
552	558
552	559
552	560
553	556
553	557
553	558
553	559
553	560
554	557
554	558
554	559
554	560
554	561
555	558
555	559
555	560
555	561
555	562
556	559
556	560
556	561
556	562
556	563
557	560
557	561
557	562
557	563
557	564
558	561
558	562
558	563
558	564
558	565
559	562
559	563
559	564
559	565
559	566
560	563
560	564
560	565
560	566
560	569
561	564
561	565
561	566
561	569
562	565
562	566
562	567
562	568
562	569
563	566
563	567
563	568
563	569
563	570
564	567
564	568
564	569
564	570
564	571
564	572
564	573
565	568
565	569
565	570
565	571
565	572
565	573
565	589
565	592
565	593
566	569
566	570
566	571
566	572
566	573
566	589
566	590
566	592
566	593
566	594
567	570
567	571
567	572
567	573
567	574
567	589
567	590
567	591
567	592
567	593
567	594
568	571
568	572
568	573
568	574
568	575
568	589
568	590
568	593
569	572
569	573
569	574
569	575
569	576
569	589
569	590
569	593
570	573
570	574
570	575
570	576
570	577
570	585
570	586
570	587
570	588
570	589
570	590
570	591
570	592
570	593
570	594
571	574
571	575
571	576
571	577
571	578
571	585
571	586
571	587
571	588
571	589
571	590
571	591
571	592
571	593
571	594
572	575
572	576
572	577
572	578
572	579
572	586
572	589
572	590
573	576
573	577
573	578
573	579
573	580
573	582
573	583
573	585
573	586
573	587
573	588
573	589
573	590
573	593
574	577
574	578
574	579
574	580
574	581
574	582
574	583
574	584
574	585
574	586
574	587
574	588
574	589
574	590
574	591
574	592
574	593
575	578
575	579
575	580
575	581
575	582
575	583
575	585
575	586
575	587
575	589
575	590
576	579
576	580
576	581
576	582
576	583
576	585
576	586
576	589
577	580
577	581
577	582
577	583
577	584
577	585
577	586
577	587
577	588
577	589
577	590
578	581
578	582
578	583
578	584
578	585
578	586
578	587
578	589
578	590
579	582
579	583
579	586
580	583
580	584
580	585
580	586
581	584
581	585
581	586
581	587
582	585
582	586
582	587
582	588
582	589
583	586
583	587
583	588
583	589
583	590
584	587
584	588
584	589
584	590
584	591
585	588
585	589
585	590
585	591
585	592
586	589
586	590
586	591
586	592
586	593
587	590
587	591
587	592
587	593
587	594
587	595
587	600
587	603
588	591
588	592
588	593
588	594
588	595
588	600
589	592
589	593
589	594
589	595
589	600
590	593
590	594
590	595
590	596
590	597
590	599
590	600
591	594
591	595
591	596
591	597
591	598
591	599
591	600
591	601
591	602
591	603
591	604
592	595
592	596
592	597
592	600
592	601
592	604
593	596
593	597
593	600
594	597
594	598
594	599
594	600
594	601
594	603
594	604
595	598
595	599
595	600
595	601
595	602
595	603
595	604
595	605
595	620
596	599
596	600
596	601
596	602
596	603
596	604
596	605
596	619
596	620
596	621
596	623
596	624
596	627
597	600
597	601
597	602
597	603
597	604
597	605
597	620
597	621
597	623
597	624
597	625
597	626
597	627
597	628
598	601
598	602
598	603
598	604
598	605
598	619
598	620
598	621
598	622
598	623
598	624
598	625
598	626
598	627
598	628
598	629
598	630
598	631
598	633
598	634
599	602
599	603
599	604
599	605
599	606
599	620
599	621
599	623
599	624
599	625
599	627
599	628
599	631
599	633
599	634
600	603
600	604
600	605
600	606
600	607
600	620
600	621
600	623
600	624
600	634
601	604
601	605
601	606
601	607
601	608
601	609
601	616
601	617
601	618
601	619
601	620
601	621
601	622
601	623
601	624
601	625
601	626
601	627
601	628
601	631
601	633
601	634
601	637
601	638
602	605
602	606
602	607
602	608
602	609
602	616
602	617
602	618
602	619
602	620
602	621
602	622
602	623
602	624
602	625
602	627
602	628
602	631
602	632
602	633
602	634
602	635
602	636
602	637
602	638
603	606
603	607
603	608
603	609
603	610
603	616
603	617
603	620
603	621
603	624
603	633
603	634
603	637
603	638
604	607
604	608
604	609
604	610
604	611
604	613
604	614
604	616
604	617
604	618
604	619
604	620
604	621
604	623
604	624
604	634
604	637
605	608
605	609
605	610
605	611
605	612
605	613
605	614
605	615
605	616
605	617
605	618
605	619
605	620
605	621
605	622
605	623
605	624
605	633
605	634
605	635
605	636
605	637
605	638
605	639
605	640
605	641
605	642
606	609
606	610
606	611
606	612
606	613
606	614
606	616
606	617
606	618
606	620
606	621
606	633
606	634
606	635
606	636
606	637
606	638
606	639
606	640
606	641
607	610
607	611
607	612
607	613
607	614
607	616
607	617
607	620
607	637
607	641
607	687
607	689
608	611
608	612
608	613
608	614
608	615
608	616
608	617
608	618
608	619
608	620
608	621
608	637
608	638
608	640
608	641
608	642
608	644
608	645
608	683
608	684
608	687
608	689
608	692
609	612
609	613
609	614
609	615
609	616
609	617
609	618
609	619
609	620
609	621
609	634
609	636
609	637
609	638
609	639
609	640
609	641
609	642
609	643
609	644
609	645
610	613
610	614
610	616
610	617
610	637
610	640
610	641
610	644
610	645
610	683
610	684
610	686
610	687
611	614
611	615
611	616
611	617
611	641
611	644
611	645
611	679
611	680
611	681
611	682
611	683
611	684
611	685
611	686
611	687
611	688
611	689
611	692
611	693
612	615
612	616
612	617
612	618
612	640
612	641
612	642
612	643
612	644
612	645
612	646
612	647
612	648
612	677
612	679
612	680
612	681
612	682
612	683
612	684
612	685
612	686
612	687
612	689
612	692
612	693
613	616
613	617
613	618
613	619
613	620
613	641
613	642
613	644
613	645
613	648
613	677
613	679
613	680
613	681
613	683
613	684
613	687
613	689
613	692
613	693
613	696
614	617
614	618
614	619
614	620
614	621
614	637
614	638
614	639
614	640
614	641
614	642
614	643
614	644
614	645
614	646
614	647
614	648
614	649
614	680
614	692
615	618
615	619
615	620
615	621
615	622
615	638
615	641
615	642
615	644
615	645
615	680
615	692
616	619
616	620
616	621
616	622
616	623
616	638
616	641
616	642
616	645
616	692
617	620
617	621
617	622
617	623
617	624
617	625
617	634
617	635
617	636
617	637
617	638
617	639
617	640
617	641
617	642
617	644
617	645
618	621
618	622
618	623
618	624
618	625
618	634
618	635
618	637
618	638
618	639
618	640
618	641
618	642
618	645
619	622
619	623
619	624
619	625
619	626
619	634
619	638
619	641
620	623
620	624
620	625
620	626
620	627
620	628
620	634
620	635
620	637
620	638
620	641
621	624
621	625
621	626
621	627
621	628
621	629
621	630
621	631
621	632
621	633
621	634
621	635
621	636
621	637
621	638
621	639
621	640
621	641
621	642
622	625
622	626
622	627
622	628
622	629
622	631
622	634
622	635
622	637
622	638
623	626
623	627
623	628
623	629
623	631
623	634
623	635
623	638
624	627
624	628
624	629
624	630
624	631
624	632
624	633
624	634
624	635
624	636
624	637
624	638
625	628
625	629
625	630
625	631
625	632
625	633
625	634
625	635
625	636
625	637
625	638
626	629
626	630
626	631
626	634
626	635
627	630
627	631
627	634
628	631
628	632
628	633
628	634
628	635
629	632
629	633
629	634
629	635
630	633
630	634
630	635
630	636
631	634
631	635
631	636
631	637
631	638
632	635
632	636
632	637
632	638
632	639
633	636
633	637
633	638
633	639
633	640
634	637
634	638
634	639
634	640
634	641
635	638
635	639
635	640
635	641
635	642
636	639
636	640
636	641
636	642
636	643
637	640
637	641
637	642
637	643
637	644
638	641
638	642
638	643
638	644
638	645
639	642
639	643
639	644
639	645
639	646
640	643
640	644
640	645
640	646
640	647
641	644
641	645
641	646
641	647
641	648
642	645
642	646
642	647
642	648
642	649
643	646
643	647
643	648
643	649
643	650
644	647
644	648
644	649
644	650
644	651
645	648
645	649
645	650
645	651
645	652
645	676
645	679
645	680
646	649
646	650
646	651
646	652
646	653
646	676
647	650
647	651
647	652
647	653
647	654
647	676
647	679
648	651
648	652
648	653
648	654
648	655
648	673
648	675
648	676
648	677
648	678
648	679
648	680
648	683
649	652
649	653
649	654
649	655
649	656
649	673
649	674
649	675
649	676
649	677
649	678
649	679
649	680
650	653
650	654
650	655
650	656
650	657
650	673
650	675
650	676
650	679
651	654
651	655
651	656
651	657
651	658
651	659
651	673
651	675
651	676
651	677
651	678
651	679
651	680
652	655
652	656
652	657
652	658
652	659
652	660
652	670
652	671
652	672
652	673
652	674
652	675
652	676
652	677
652	678
652	679
652	680
653	656
653	657
653	658
653	659
653	660
653	670
653	671
653	672
653	673
653	674
653	675
653	676
653	679
654	657
654	658
654	659
654	660
654	661
654	662
654	671
654	672
654	673
654	675
654	676
654	679
655	658
655	659
655	660
655	661
655	662
655	663
655	670
655	671
655	672
655	673
655	674
655	675
655	676
655	677
655	678
655	679
656	659
656	660
656	661
656	662
656	663
656	664
656	666
656	667
656	668
656	669
656	670
656	671
656	672
656	673
656	674
656	675
656	676
656	678
656	679
657	660
657	661
657	662
657	663
657	664
657	668
657	670
657	671
657	672
657	673
657	675
658	661
658	662
658	663
658	664
658	665
658	666
658	670
658	671
658	672
658	675
659	662
659	663
659	664
659	665
659	666
659	667
659	668
659	669
659	670
659	671
659	672
659	673
659	674
659	675
659	706
659	708
659	709
660	663
660	664
660	665
660	666
660	667
660	668
660	669
660	670
660	671
660	672
660	673
660	675
661	664
661	665
661	666
661	667
661	668
661	670
661	671
661	672
662	665
662	666
662	670
662	671
663	666
663	667
663	668
663	669
663	670
663	671
663	672
663	706
663	708
664	667
664	668
664	669
664	670
664	671
665	668
665	669
665	670
665	671
665	706
665	707
665	708
666	669
666	670
666	671
666	672
666	704
666	705
666	706
666	707
666	708
666	709
667	670
667	671
667	672
667	674
667	675
667	703
667	704
667	705
667	706
667	707
667	708
667	709
668	671
668	672
668	673
668	674
668	675
668	703
668	704
668	705
668	706
669	672
669	673
669	674
669	675
669	676
669	677
669	678
669	699
669	700
669	701
669	702
669	703
669	704
669	705
669	706
669	707
669	708
669	709
670	673
670	674
670	675
670	676
670	677
670	678
670	700
670	701
670	703
670	704
670	705
670	706
670	707
670	708
670	709
670	710
671	674
671	675
671	676
671	678
671	704
671	705
671	706
671	709
672	675
672	676
672	677
672	678
672	700
672	703
672	704
672	705
672	706
672	709
673	676
673	677
673	678
673	679
673	699
673	700
673	703
673	705
673	709
674	677
674	678
674	679
674	680
674	681
674	696
674	697
674	698
674	699
674	700
674	701
674	702
674	703
674	704
674	705
674	706
674	709
674	710
675	678
675	679
675	680
675	681
675	682
675	696
675	697
675	699
675	700
675	701
675	703
675	704
675	705
675	706
675	707
675	708
675	709
675	710
676	679
676	680
676	681
676	682
676	683
676	696
676	697
676	699
676	700
676	705
676	709
676	710
677	680
677	681
677	682
677	683
677	684
677	692
677	693
677	694
677	695
677	696
677	697
677	698
677	699
677	700
677	701
677	702
677	703
677	705
677	708
677	709
677	710
678	681
678	682
678	683
678	684
678	685
678	692
678	693
678	694
678	695
678	696
678	697
678	698
678	699
678	700
678	701
678	705
678	706
678	707
678	708
678	709
678	710
678	711
679	682
679	683
679	684
679	685
679	686
679	693
679	696
679	697
679	700
679	708
679	709
679	710
680	683
680	684
680	685
680	686
680	687
680	688
680	689
680	690
680	692
680	693
680	694
680	695
680	696
680	697
680	699
680	700
680	709
680	710
681	684
681	685
681	686
681	687
681	688
681	689
681	690
681	691
681	692
681	693
681	694
681	695
681	696
681	697
681	698
681	699
681	700
681	701
681	708
681	709
681	710
681	711
681	714
681	715
682	685
682	686
682	687
682	688
682	689
682	690
682	692
682	693
682	694
682	696
682	697
682	708
682	709
682	710
682	714
683	686
683	687
683	688
683	689
683	690
683	692
683	693
683	694
683	696
683	697
684	687
684	688
684	689
684	690
684	691
684	692
684	693
684	694
684	695
684	696
684	697
684	718
685	688
685	689
685	690
685	691
685	692
685	693
685	694
685	695
685	696
685	697
685	710
685	714
685	715
685	718
686	689
686	690
686	692
686	693
687	690
687	691
687	692
687	693
688	691
688	692
688	693
688	694
688	718
688	721
689	692
689	693
689	694
689	695
689	696
689	718
689	721
689	722
690	693
690	694
690	695
690	696
690	697
690	714
690	715
690	716
690	717
690	718
690	719
690	720
690	721
690	722
691	694
691	695
691	696
691	697
691	698
691	714
691	715
691	716
691	717
691	718
691	719
691	720
691	721
691	722
691	723
691	724
692	695
692	696
692	697
692	698
692	699
692	715
692	718
692	719
692	722
693	696
693	697
693	698
693	699
693	700
693	709
693	710
693	711
693	714
693	715
693	716
693	717
693	718
693	719
693	721
693	722
694	697
694	698
694	699
694	700
694	701
694	710
694	711
694	712
694	713
694	714
694	715
694	716
694	717
694	718
694	719
694	720
694	721
694	722
694	724
694	727
694	728
694	731
695	698
695	699
695	700
695	701
695	702
695	710
695	711
695	712
695	714
695	715
695	716
695	718
695	719
696	699
696	700
696	701
696	702
696	703
696	705
696	709
696	710
696	711
696	712
696	714
696	715
696	718
697	700
697	701
697	702
697	703
697	704
697	705
697	706
697	707
697	708
697	709
697	710
697	711
697	712
697	713
697	714
697	715
697	716
697	717
697	718
697	719
698	701
698	702
698	703
698	704
698	705
698	709
698	710
698	711
698	712
698	713
698	714
698	715
698	716
698	718
698	719
698	727
698	731
699	702
699	703
699	704
699	705
699	709
699	710
699	711
699	712
699	715
700	703
700	704
700	705
700	706
700	707
700	708
700	709
700	710
700	711
700	712
700	714
700	715
701	704
701	705
701	706
701	707
701	708
701	709
701	710
701	711
701	712
701	713
701	714
701	715
701	716
701	731
701	734
701	735
701	738
702	705
702	706
702	709
702	710
702	711
702	712
702	715
702	731
703	706
703	707
703	709
703	710
703	711
704	707
704	708
704	709
704	710
704	711
704	712
704	738
705	708
705	709
705	710
705	711
705	712
705	738
706	709
706	710
706	711
706	712
706	738
706	739
707	710
707	711
707	712
707	713
707	714
707	735
707	738
707	739
708	711
708	712
708	714
709	712
709	714
709	715
710	713
710	714
710	715
710	716
711	714
711	715
711	716
711	717
711	718
711	731
711	732
711	734
711	735
711	738
711	739
711	743
711	744
712	715
712	716
712	717
712	718
712	719
712	727
712	728
712	729
712	730
712	731
712	732
712	733
712	734
712	735
712	736
712	737
712	738
712	739
712	740
712	743
712	744
712	747
712	748
713	716
713	717
713	718
713	719
713	720
713	727
713	728
713	729
713	730
713	731
713	732
713	733
713	734
713	735
713	736
713	738
713	739
713	740
713	742
713	743
713	744
713	745
713	746
713	747
713	748
713	751
714	717
714	718
714	719
714	720
714	721
714	728
714	731
714	732
714	735
714	743
714	744
714	747
715	718
715	719
715	720
715	721
715	722
715	724
715	725
715	727
715	728
715	729
715	730
715	731
715	732
715	734
715	735
716	719
716	720
716	721
716	722
716	723
716	724
716	725
716	726
716	727
716	728
716	729
716	730
716	731
716	732
716	733
716	734
716	735
716	743
716	744
716	747
716	748
716	750
716	751
717	720
717	721
717	722
717	723
717	724
717	725
717	726
717	727
717	728
717	729
717	730
717	731
717	732
717	743
717	744
717	747
717	748
717	751
718	721
718	722
718	723
718	724
718	725
718	727
718	728
718	729
718	731
718	732
719	722
719	723
719	724
719	725
719	726
719	727
719	728
719	729
719	730
719	731
719	732
720	723
720	724
720	725
720	726
720	727
720	728
720	729
720	730
720	731
720	732
720	747
720	750
720	751
721	724
721	725
721	727
721	728
722	725
722	726
722	727
722	728
723	726
723	727
723	728
723	729
724	727
724	728
724	729
724	730
724	731
725	728
725	729
725	730
725	731
725	732
725	750
725	751
725	752
726	729
726	730
726	731
726	732
726	733
726	751
726	752
726	756
727	730
727	731
727	732
727	733
727	734
727	751
728	731
728	732
728	733
728	734
728	735
728	747
728	748
728	750
728	751
728	752
729	732
729	733
729	734
729	735
729	736
729	744
729	746
729	747
729	748
729	749
729	750
729	751
729	752
729	753
729	756
730	733
730	734
730	735
730	736
730	737
730	747
730	748
730	749
730	750
730	751
730	752
730	756
731	734
731	735
731	736
731	737
731	738
731	739
731	744
731	747
731	748
731	751
731	752
732	735
732	736
732	737
732	738
732	739
732	740
732	742
732	743
732	744
732	745
732	746
732	747
732	748
732	749
732	750
732	751
732	752
733	736
733	737
733	738
733	739
733	740
733	744
733	745
733	746
733	747
733	748
733	749
733	750
733	751
733	752
733	753
734	737
734	738
734	739
734	740
734	744
734	745
734	747
734	748
734	751
735	738
735	739
735	740
735	741
735	742
735	743
735	744
735	745
735	746
735	747
735	748
735	749
735	751
736	739
736	740
736	741
736	742
736	743
736	744
736	745
736	746
736	747
736	748
736	749
736	751
736	752
737	740
737	741
737	744
737	745
737	748
738	741
738	744
738	745
738	748
739	742
739	743
739	744
739	745
739	747
739	748
740	743
740	744
740	745
740	746
740	747
740	748
741	744
741	745
741	746
741	747
741	748
742	745
742	746
742	747
742	748
742	749
743	746
743	747
743	748
743	749
743	750
744	747
744	748
744	749
744	750
744	751
745	748
745	749
745	750
745	751
745	752
746	749
746	750
746	751
746	752
746	772
747	750
747	751
747	752
747	772
748	751
748	752
748	753
749	752
749	753
749	754
749	766
749	770
749	771
749	772
750	753
750	754
750	766
750	767
750	770
750	771
750	772
750	773
751	754
751	755
751	756
751	771
751	772
752	755
752	756
752	757
752	758
752	763
752	766
752	767
752	770
752	771
752	772
753	756
753	757
753	758
753	759
753	760
753	761
753	762
753	763
753	764
753	765
753	766
753	767
753	768
753	769
753	770
753	771
753	772
754	757
754	758
754	759
754	760
754	761
754	762
754	763
754	764
754	765
754	766
754	767
755	758
755	759
755	760
755	761
755	762
755	763
755	764
755	765
755	766
755	767
756	759
756	760
756	761
756	762
756	763
757	760
757	761
757	762
757	763
758	761
758	762
758	763
758	764
759	762
759	763
759	764
759	765
759	766
760	763
760	764
760	765
760	766
760	767
761	764
761	765
761	766
761	767
761	768
762	765
762	766
762	767
762	768
762	769
763	766
763	767
763	768
763	769
763	770
763	771
764	767
764	768
764	769
764	770
764	771
765	768
765	769
765	770
765	771
766	769
766	770
766	771
766	772
767	770
767	771
767	772
767	773
768	771
768	772
769	772
770	773
770	774
771	774
772	775
773	776
774	777
775	778
776	779
777	780
778	781
779	782
780	783
781	784
782	785
783	786
784	787
784	788
784	789
784	790
785	788
785	789
785	790
785	791
785	792
786	789
786	790
786	791
786	792
787	790
787	791
787	792
787	793
788	791
788	792
789	792
790	793
791	794
792	795
793	796
794	797
795	798
796	799
797	800
798	801
799	802
800	803
801	804
802	805
803	806
804	807
805	808
806	809
807	810
808	811
809	812
810	813
811	814
812	815
813	816
814	817
815	818
816	819
817	820
