  10.776
  10.686
  10.550
  10.247
  10.219
   9.655
   9.989
  10.459
  10.551
   9.960
  10.226
  10.698
  10.577
  10.048
  10.572
  10.497
  10.010
  11.515
   7.707
  10.971
  11.140
   8.802
   9.120
   7.722
  10.035
   5.997
   6.090
   8.522
  10.486
  10.894
   4.842
   5.578
   8.222
   9.435
  10.046
  11.827
   5.548
   6.408
   8.709
  10.231
  11.007
   5.309
   6.167
   8.777
  10.145
  11.387
   5.043
   6.293
   8.817
  10.360
  11.174
   4.990
   6.253
   8.969
  10.196
   5.194
   6.943
   9.451
   5.627
   7.143
  10.913
   5.327
   8.628
   9.993
   8.513
  10.089
   9.773
  10.117
  11.980
   8.297
  11.694
   9.444
   9.394
  10.408
  10.767
  10.575
  10.668
  10.717
  10.758
  10.770
  10.161
   9.724
  10.354
   9.793
  10.106
   9.473
   9.976
  10.611
  10.825
  10.857
  10.877
  10.868
  10.595
  11.847
  10.887
  11.729
  10.860
  10.230
   6.833
   8.545
  10.417
  10.810
  10.936
   8.872
   9.141
  10.557
   7.959
   5.308
   8.403
   9.611
   8.860
   9.780
  11.442
  10.429
  11.209
   9.072
   5.932
   7.305
   8.108
   4.961
   4.155
   7.675
   7.999
   6.359
   9.299
  10.576
  10.121
  11.954
  11.995
   8.450
   8.234
   9.767
   7.306
   4.513
   7.675
   8.519
   5.819
   6.842
  10.199
  10.095
   7.780
   9.663
   9.637
  10.342
   9.789
  10.653
  11.647
  11.670
  10.615
   9.444
  10.695
   9.191
   5.583
   6.994
   8.493
   5.613
   4.849
   8.554
   8.767
   7.061
   9.365
  11.567
   9.222
  10.123
   9.149
  11.720
  10.246
  10.857
   9.871
   7.190
   8.643
  10.809
  11.623
  11.395
  11.063
  11.221
   7.954
  10.349
  11.715
   8.517
   8.535
  11.598
   9.493
  10.281
   9.780
   7.451
   9.410
   9.960
   9.649
   9.434
   8.209
   5.590
   6.175
   9.238
  10.202
  10.457
  11.113
  11.671
   9.129
  10.760
  11.628
   9.379
   9.968
   9.160
   8.719
   9.786
  10.924
  11.878
  11.766
  11.232
   7.490
   7.534
   6.668
   7.730
  11.479
   9.584
   9.005
   6.847
   9.217
  10.268
   7.524
   8.942
  11.935
  10.953
  11.605
   8.678
   9.189
  11.799
  10.282
   6.655
   7.044
   7.627
   8.334
  11.760
   8.703
   9.801
   9.448
   9.500
  11.550
  10.183
  11.664
   9.554
  11.342
  10.071
  10.709
  11.167
  11.039
   9.382
   9.069
   7.513
   9.821
  10.783
   8.040
   6.406
   9.606
   8.561
   6.621
   9.343
   9.583
  11.200
  10.443
   9.470
   7.123
   8.070
   7.975
  11.307
   5.633
   9.330
   9.646
   7.209
   9.984
  11.631
  11.932
   9.823
   9.068
   7.547
   5.404
   5.732
   6.126
   9.537
  11.473
   8.336
   9.036
   6.033
   8.099
   8.645
   9.357
   8.326
  11.724
  10.222
   9.568
   8.524
   8.533
   8.375
  10.908
   8.570
   7.110
  10.092
  10.619
  11.823
  11.611
   9.623
   7.966
   6.318
   7.751
   8.571
  11.863
   5.077
   8.805
  10.523
  11.692
  10.504
   9.063
   6.602
   8.053
   7.971
  11.322
   8.749
  10.139
   9.836
  10.117
   8.515
  10.915
   9.046
  11.531
  11.322
  11.658
  11.585
   8.287
   7.704
   9.828
  11.078
   5.665
   7.371
  11.036
   8.945
   9.644
   9.968
  11.054
   9.598
   9.523
  10.065
   9.856
  10.111
  11.069
  10.302
  11.533
   8.980
   8.321
  10.889
   7.799
   5.715
   5.459
   9.120
   9.947
   9.099
  11.257
   5.810
   5.951
   8.550
  10.155
  10.603
   5.118
   5.988
   8.540
   9.809
  10.569
   5.243
   6.188
   8.572
  10.113
  10.975
   4.947
   6.009
   8.672
   9.890
  10.171
   5.034
   6.323
   8.813
   9.583
  10.320
   5.237
   6.558
   8.727
   9.894
  11.194
   5.255
   6.342
   8.832
  10.227
  10.715
   4.651
   6.083
   8.663
   9.430
  10.009
   4.872
   6.528
   8.739
   9.693
  10.482
   5.268
   6.471
   8.823
   9.943
  11.180
   4.873
   6.079
   8.439
   9.839
  10.130
   9.625
  11.288
  11.642
   5.015
   6.013
   8.692
   9.626
   8.831
  11.271
  11.877
   4.976
   6.519
   8.740
   9.509
   5.295
   6.202
   7.391
  10.079
  11.990
   4.754
   4.152
   7.207
   9.144
   6.283
   9.975
  10.259
  10.210
   9.903
  10.002
  10.226
  10.451
  10.531
  10.594
  10.849
  10.572
  10.460
  10.462
  10.673
  10.072
   9.153
   9.889
  10.338
  10.022
   9.673
   9.445
   8.882
   9.706
  11.708
  10.000
   9.696
   9.177
  10.814
  10.178
   9.852
   9.558
  11.810
  10.140
   8.626
   9.098
   7.502
  11.039
  11.122
   8.362
  10.202
  11.976
   8.471
  11.986
  11.919
   9.000
   6.387
   6.241
   5.024
   8.791
   9.681
   8.049
   9.684
   8.648
  11.786
   9.205
   8.258
   6.505
   9.735
  11.844
  10.557
  10.995
   9.558
  11.484
  10.848
   8.591
   6.366
   8.273
  11.373
  10.818
  10.169
  11.118
   9.756
   8.611
  11.996
  11.904
   8.800
  11.671
  11.904
  11.393
   9.728
   8.896
  10.710
  10.222
  11.974
   8.654
   9.174
  10.612
   9.965
  11.546
   9.664
   8.347
  11.890
  11.650
  10.779
   8.283
  10.104
   9.406
  11.513
   6.799
   8.557
   9.221
  10.284
  11.218
  10.586
  10.571
   7.153
   9.578
  11.209
   8.517
   7.977
  11.751
  10.947
  11.692
  10.496
   5.845
   5.993
   8.155
  10.421
  11.161
  11.340
  10.186
   8.514
  10.644
  11.340
  10.228
   4.754
   5.055
   7.786
   9.348
   9.678
  11.095
   9.599
  10.281
  11.042
   7.734
   6.440
   9.391
   8.859
   5.727
   8.132
  10.898
   9.865
   9.388
   6.095
   6.799
   9.341
  10.728
  11.162
  11.019
  10.397
  11.608
   9.119
   6.290
   8.379
   8.822
   5.454
   5.786
   9.279
   8.983
   7.341
  10.315
   9.575
  10.643
  10.074
  11.672
  11.839
  11.784
   5.826
   6.940
   9.305
  10.545
  11.965
  11.661
  11.706
  11.395
   8.584
  11.392
   9.090
   9.453
  10.777
   5.230
   6.468
   8.800
  10.513
  11.828
   9.303
  10.512
  10.102
   8.224
  11.789
   9.806
  11.263
   4.947
   6.080
   8.899
  10.335
  11.671
   9.134
  10.232
   9.496
   5.796
   6.702
   8.944
   6.868
   4.964
   8.703
   9.861
   8.146
   9.624
  11.907
  10.998
   5.010
   6.672
   9.351
  11.770
   9.580
  10.721
  11.340
   7.795
   7.277
  10.466
   9.505
   6.434
   9.357
  11.647
  10.013
  10.020
  11.717
  11.565
   9.934
   5.654
   7.432
  10.601
  11.965
   9.631
  11.982
   8.943
   9.734
  11.888
   9.566
   5.661
   9.019
  10.890
   8.879
  11.129
   9.066
   6.349
   9.118
   9.335
   5.955
   7.876
  10.968
  10.059
   8.860
   7.410
  10.148
   8.672
  10.171
   8.574
   4.870
   6.701
   8.266
   5.445
   5.559
   9.257
   9.606
   7.927
  10.563
   9.912
  11.897
  10.113
  10.030
   8.707
   8.660
  11.052
  10.635
   7.061
   9.474
  11.654
   9.113
   9.157
  11.366
  11.873
   5.396
   8.555
   8.651
   6.028
   9.454
  11.278
   9.284
  10.558
   7.772
   9.267
   6.899
   9.463
  11.185
  11.646
   8.814
   8.036
  10.853
   5.379
   8.548
   9.971
   9.744
  11.722
   7.165
   8.590
   9.827
  11.453
  11.657
  10.846
   5.255
   6.550
   8.884
  10.069
  11.180
  10.526
  11.329
   4.856
   6.365
   8.865
  10.017
  10.144
  11.766
  10.621
   8.960
  11.092
   4.827
   6.322
   8.760
   9.292
  10.403
   9.413
   9.154
  10.371
   7.906
   5.418
   8.809
   9.582
   8.090
  10.814
   9.161
  11.211
   9.816
   5.021
   6.462
   8.461
   9.926
  10.889
  10.871
   9.988
  10.684
   7.746
  10.588
  10.657
   9.793
  10.096
   9.597
   5.348
   6.049
   8.730
  10.008
  10.451
  10.121
  10.493
  10.930
   9.132
  11.676
   4.589
   6.017
   8.475
   9.476
  10.140
  11.264
   9.269
  10.819
  10.122
   6.325
   7.044
   9.470
   7.529
   6.412
   9.930
  11.561
  11.462
  11.477
  11.638
   9.395
   5.264
   6.426
   8.754
  10.000
  10.801
  11.818
   8.787
   9.990
  10.590
   7.187
   5.944
   9.235
   8.778
   6.606
   9.053
  11.789
  11.537
   9.722
  11.095
   8.375
   6.604
  10.276
  11.212
   8.972
  10.371
   5.007
   6.136
   8.600
   9.779
  10.531
   9.461
  11.790
   9.352
   8.950
  11.937
  10.241
  11.093
   9.847
  10.858
   5.057
   6.156
   8.599
   9.868
  10.381
  10.830
  11.400
   9.561
   7.409
  10.332
  10.546
   7.279
   8.440
  11.664
  10.649
  10.216
  11.197
   5.046
   6.183
   8.683
   9.760
  10.487
   8.820
   8.333
   9.451
   7.151
   4.063
   6.772
   7.861
   5.282
   5.745
   9.229
   9.423
   9.295
  11.396
  11.666
   8.924
  11.660
   9.200
   9.366
  10.433
   5.028
   6.273
   8.593
   9.749
   9.513
   8.846
  11.216
   9.764
   6.354
   8.992
  11.107
   8.923
   8.350
  11.956
  11.609
   9.817
   8.657
   9.972
  11.302
   9.620
  11.970
   5.085
   6.085
   8.527
   8.624
   9.499
  11.981
  10.010
   7.665
  11.155
  10.432
  11.080
  11.803
  10.104
   4.970
   6.149
   5.039
   6.440
   8.534
   6.548
   5.122
   8.857
  10.125
   8.823
  10.235
  11.376
  10.166
   9.279
  11.287
   5.002
   5.261
   4.627
   7.938
   7.632
   5.296
   8.143
  10.720
  10.109
  10.316
  10.462
  10.405
  11.155
   8.107
  10.951
  11.490
  11.808
  10.103
   8.160
  11.482
   9.261
  10.488
  11.346
   7.392
   7.874
  11.390
  10.955
   8.898
  11.922
  10.679
  10.312
   8.567
   5.797
   9.123
  10.938
   8.716
   9.261
  11.781
   8.071
  11.020
  10.180
   9.417
  11.600
  11.259
  10.881
   7.708
   5.729
   4.647
   8.429
   9.475
   8.051
   9.889
   8.527
   8.950
   8.671
  11.326
  11.197
  11.175
  10.761
  11.684
   8.843
   5.540
   4.712
   7.838
   7.706
   5.198
   7.762
  10.415
   9.752
   9.228
   5.349
   6.178
   8.786
  10.133
  10.695
  11.104
  11.589
   8.183
   8.366
  11.512
  10.758
   8.216
  11.127
  11.880
  11.293
   4.946
   6.292
   8.792
   9.894
  10.503
  11.447
   9.797
  11.254
   7.547
   8.806
  11.932
  10.617
   9.538
  11.944
  10.788
   9.926
   8.703
  10.814
  11.426
   9.775
   5.251
   6.501
   8.854
  10.087
  10.961
  10.072
   9.388
   9.369
  10.986
  11.728
  11.538
   5.054
   6.249
   8.631
   9.847
  10.509
  10.910
  11.249
   5.165
   6.154
   8.631
   9.774
  10.829
  10.161
  11.730
   9.531
   8.199
  11.553
  11.487
   8.656
  10.378
   5.117
   6.293
   8.715
  10.033
  10.179
   8.887
   9.311
  10.914
   8.389
   5.745
   9.023
  10.062
   7.639
   8.180
  11.842
  11.902
  10.705
  10.568
  10.219
   5.138
   6.341
   8.953
   9.685
  10.932
  10.306
  10.903
  11.365
   8.776
  11.443
  11.599
   4.773
   6.484
   8.509
  10.088
   8.719
  10.583
  10.641
   9.268
   5.217
   6.021
   8.831
  10.495
  11.257
   9.204
  10.190
   8.702
   5.020
   6.938
   9.209
   7.277
   6.300
   9.963
  11.178
  10.187
  11.517
  10.273
  11.464
   4.652
   6.256
   9.095
   9.912
   9.176
  10.543
  10.439
   6.848
   7.119
  10.465
   9.675
   7.613
  10.761
   9.320
  10.767
  11.074
   5.766
   8.003
  10.284
   9.851
   8.820
  10.177
  11.025
   5.807
   7.835
   6.567
   9.374
   9.040
   6.401
   8.566
  11.489
  10.854
  10.583
  11.805
   5.408
   4.733
   6.878
   7.801
   5.369
   5.834
   9.317
   9.820
   9.154
  11.649
   9.597
  11.352
   8.857
   8.455
  11.925
  11.687
   9.809
  11.352
   7.007
   9.810
  11.385
   9.200
   9.309
  10.530
  11.101
  10.953
   9.082
  10.751
   9.640
  10.522
  11.934
  11.563
  10.146
   9.127
   8.881
   8.728
  11.510
   8.897
   8.373
  10.504
   9.194
   6.273
   8.636
  11.683
   5.827
   6.761
   8.893
  10.348
  11.232
  11.354
  11.562
   9.219
   7.297
  10.040
  10.143
   7.143
   7.818
  11.477
   5.215
   6.062
   8.586
   9.943
  10.691
   9.459
   8.598
   9.697
   7.391
   4.282
   6.892
   8.168
   5.856
   5.175
   8.804
   9.967
   8.525
  11.784
  10.823
   8.861
  11.796
   4.983
   6.049
   8.550
   9.816
  10.418
  10.341
   9.547
  11.847
  10.089
   6.805
   9.659
  11.690
   9.644
   8.197
  11.683
  11.842
   9.575
  10.332
   9.174
   4.925
   6.040
   8.507
   9.669
  10.468
  11.870
   8.801
   9.444
  11.863
   9.646
   7.508
  11.148
  10.934
  10.655
  10.914
   5.092
   6.319
   8.753
  10.137
  10.595
  10.801
   9.036
  10.135
   8.898
   5.225
   6.018
   8.204
   6.182
   4.682
   8.453
   9.869
   9.223
   9.402
  11.368
  11.563
   8.758
  11.895
  11.688
  11.171
   5.174
   6.349
   8.896
   9.974
  10.606
  11.593
   8.696
   9.734
   9.917
   6.520
   5.259
   8.516
   8.044
   5.333
   8.183
  10.890
  10.516
   9.284
  11.822
   9.200
  10.730
   8.152
   5.911
   9.527
  10.875
   8.720
   9.262
  11.981
  10.465
   4.949
   6.214
   8.437
   9.810
  10.488
  11.931
   9.204
  11.495
  11.883
   8.277
   8.253
  11.764
  11.060
   8.836
  11.974
  10.644
   9.162
  10.616
  11.794
  11.738
   9.394
  11.927
   5.348
   6.054
   8.519
   9.944
  11.148
  10.456
  10.916
  11.812
   8.659
   6.742
   9.583
   9.467
   6.026
   7.643
  10.818
  10.002
   9.136
  10.588
  11.318
  11.517
  11.745
   5.111
   5.956
   8.392
  10.092
  10.110
   8.735
   8.112
   9.489
   7.204
   3.997
   6.503
   7.607
   4.919
   5.276
   8.802
   9.363
   8.604
  11.119
  10.798
   8.207
  10.835
  11.263
   7.859
   7.993
  11.428
  10.854
   8.867
  11.747
  10.241
  11.078
   5.257
   5.996
   8.800
   9.595
   9.588
   9.452
  11.920
  10.169
   6.798
   9.374
  11.230
   8.670
   8.165
  11.933
  11.103
  10.303
   8.991
  11.831
  11.197
   7.753
   9.527
  10.915
   9.823
  11.606
   9.976
   6.772
   7.967
   9.383
  10.936
   5.159
   6.694
   8.786
   8.507
   9.866
  10.028
   7.700
  11.166
  10.017
  10.815
  11.278
  11.916
   9.042
  10.127
  10.155
  11.594
  10.752
   5.456
   6.312
   4.921
   6.514
   8.579
   6.648
   4.972
   8.666
  10.152
   8.572
   9.975
  10.961
  11.333
   9.682
  11.428
  11.456
  11.757
  11.153
   4.518
   5.139
   5.076
   8.421
   8.014
   5.338
   7.985
  10.740
   9.813
   9.898
  11.792
   8.467
   9.398
  11.350
   8.956
   6.892
  10.553
  11.733
   9.536
  11.030
   9.678
   8.623
   9.341
   8.950
  11.242
  11.528
  11.451
   7.412
   8.534
  11.951
  11.343
   8.904
  11.777
  10.736
  11.454
  10.218
  11.001
   8.400
   7.474
   6.670
   6.871
   9.961
  11.420
  11.592
  11.260
   8.498
   9.341
  11.338
  10.035
   8.148
  11.104
  10.644
   9.470
  11.476
  11.155
   9.884
   9.208
  11.038
  10.656
  11.812
   9.890
   6.538
   8.079
  10.101
   8.236
   7.511
  11.307
   8.519
   9.290
   8.251
  10.528
  10.860
   8.547
  11.619
  11.975
   8.656
  10.035
  11.209
  10.813
   9.063
  11.931
   9.794
  10.361
  11.862
   9.565
   7.410
  11.039
   5.859
   6.042
   8.613
  10.518
  10.720
  11.841
   8.617
  11.206
   9.724
   9.716
  11.669
  11.498
  10.173
   4.703
   5.747
   8.522
   9.496
  10.131
  11.873
   9.913
   8.918
  10.356
   8.616
   5.083
   7.455
   9.188
   6.824
   6.715
  10.432
  11.112
   5.380
   6.708
   8.877
  10.335
  10.997
   9.923
  11.547
  10.901
   7.137
   7.845
  10.455
   8.774
   6.841
  10.556
  10.528
   5.284
   6.209
   8.752
   9.913
  10.770
  10.273
   8.892
  10.350
  11.772
  10.431
   5.017
   6.206
   8.539
   9.905
  10.532
  10.195
  11.667
   8.596
   7.436
  10.399
   9.743
   6.644
   9.089
  11.853
  10.619
  10.435
   5.291
   6.166
   8.715
   9.911
  10.691
   9.269
   9.591
  10.451
   7.797
   5.093
   7.802
   8.300
   5.295
   6.314
   9.749
   9.631
   8.880
  11.823
  10.552
   9.961
  10.273
  10.452
   4.976
   6.249
   8.680
   9.871
  10.423
  10.559
  11.216
  10.757
   7.828
  10.801
  11.945
   9.055
   9.379
  11.604
  11.688
   5.189
   6.329
   8.804
   9.957
  11.205
  11.898
   8.922
  10.841
  10.048
   8.238
  11.874
  10.166
  11.622
   4.896
   6.265
   8.644
  10.156
   9.815
  10.988
   9.752
  10.503
   8.950
   5.257
   7.067
   9.087
   7.004
   5.325
   9.063
  10.322
   8.866
  10.267
  10.144
  11.934
   5.125
   6.182
   8.892
   9.495
   9.759
  10.433
  11.376
  11.043
   7.321
   7.556
  10.493
   9.414
   6.460
   9.476
  11.790
  10.298
  10.290
  10.712
  11.887
  11.730
   9.140
  11.208
  11.928
   5.005
   6.558
   8.254
   9.632
  11.101
   9.037
  10.359
   9.829
   5.621
   5.588
   7.843
   9.816
   7.969
  10.425
   9.656
   6.518
   8.811
  11.768
  10.712
   9.516
   4.632
   4.858
   7.318
   6.240
   8.430
   9.034
   6.169
   6.850
  10.472
  10.606
   8.984
  11.646
   9.877
   9.594
   9.873
   9.643
   5.708
   9.294
   9.466
  11.898
   9.894
  10.204
  11.731
  11.657
  11.920
   8.721
   9.210
  10.777
   5.696
   9.312
  10.114
   8.563
  10.060
  11.785
   9.652
  11.786
  11.388
  10.794
   8.409
  10.494
   9.181
   9.172
  11.765
   9.301
   9.746
  11.967
   9.757
   7.029
  10.056
  11.796
   9.700
  10.284
   8.944
   9.103
   9.203
  11.984
   9.202
   8.425
  10.078
   8.298
   4.707
   6.787
   8.496
   6.280
   6.521
  10.077
   5.609
   6.577
   8.967
  10.358
  10.822
  10.870
  11.465
   8.938
   7.117
   9.807
   9.398
   5.889
   6.886
   9.978
   8.640
   7.371
  10.261
  10.228
  10.428
   4.933
   6.115
   8.580
   9.628
  10.437
   8.833
   8.356
   9.334
   7.064
   4.027
   6.858
   7.807
   5.264
   5.270
   9.095
   9.299
   8.203
  10.875
  10.861
   8.420
  10.903
  10.893
   7.269
   8.580
  11.661
  10.354
   9.055
  11.544
   5.346
   6.317
   8.464
   9.975
  10.896
  10.128
   9.743
  11.862
   9.982
   6.955
  10.035
  11.495
   8.968
   8.439
  10.178
  11.935
   9.422
   8.299
  11.106
  10.053
   6.702
   9.502
  11.707
   9.878
   9.913
  11.915
   8.360
   9.509
  10.723
   5.223
   5.829
   8.445
   9.868
  10.376
  11.912
   8.712
   9.759
  11.951
   9.569
   7.799
  11.516
   9.875
  10.733
  10.166
  11.917
  10.886
  10.758
  11.723
   4.994
   6.097
   8.656
   9.869
  10.311
  10.179
   9.156
  10.272
   8.819
   5.064
   6.216
   8.264
   6.156
   4.970
   8.776
   9.639
   8.318
   9.720
   9.909
  11.408
  10.997
   9.598
  11.880
   5.124
   6.349
   8.768
   9.837
  10.668
  10.780
   8.426
   9.709
   9.730
   6.265
   5.386
   8.646
   8.114
   5.842
   9.004
  11.208
  10.350
  10.507
  11.501
  11.153
   7.596
   9.367
  10.671
   7.600
   7.004
  10.721
  10.792
   8.840
  11.005
  11.847
  10.453
  10.985
  10.254
   5.010
   6.215
   8.522
   9.818
  10.610
  11.336
   9.259
  11.718
  11.816
   8.327
   8.561
  11.985
  11.130
   9.292
   9.875
   9.905
  10.320
  11.075
  11.274
   9.796
   8.968
   8.208
  11.646
  11.894
  11.415
   5.142
   6.091
   8.643
   9.936
  10.577
  10.718
  11.482
  11.832
   8.353
   7.401
  10.215
   9.588
   6.358
   8.234
  11.204
  10.024
   9.535
  11.740
   4.958
   6.175
   8.660
   9.758
  10.366
   8.736
   8.441
   9.098
   6.291
   4.000
   6.835
   7.313
   4.814
   5.752
   9.091
   9.229
   8.984
  11.905
  10.888
   9.888
   9.108
  11.079
   5.084
   6.242
   8.627
   9.653
   9.467
   9.351
  11.297
   9.107
   6.258
   9.346
  10.790
   8.507
   8.423
  11.581
  10.364
  10.655
  11.776
   8.924
  11.894
   9.661
  11.160
  10.433
   5.097
   6.294
   8.686
   8.567
   9.949
  11.797
   9.179
   7.696
  11.371
   9.921
  11.098
  11.020
  11.896
   5.057
   6.322
   5.001
   6.698
   8.211
   5.794
   5.196
   8.943
   9.641
   8.501
  10.252
   4.740
   5.183
   5.256
   8.269
   7.389
   5.228
   8.522
  10.654
  10.049
  10.506
  10.424
   7.391
   8.609
  11.740
  10.625
   8.871
  11.997
  11.463
  11.383
  11.129
   8.222
  10.774
   9.674
   9.359
  11.891
   9.590
  10.223
   9.806
  11.267
   8.642
   8.951
   8.492
  11.272
  10.061
   7.765
  10.930
  11.270
   8.169
   9.231
  10.581
   5.505
   6.306
   8.907
  10.085
  10.817
  11.100
   9.352
  11.210
   4.868
   6.268
   8.596
   9.972
  10.661
  11.346
  11.910
  11.348
   5.293
   6.222
   8.717
  10.122
  10.858
   4.885
   5.964
   8.419
   9.720
  10.247
   5.424
   6.212
   8.651
   9.936
  10.749
  10.938
   8.845
   9.836
   5.327
   6.298
   8.732
  10.088
  11.062
  10.000
  11.593
  11.760
   8.199
   7.645
  10.866
   5.203
   6.245
   8.769
  10.103
  10.484
  11.292
  11.079
  10.422
   4.835
   6.200
   8.780
   9.540
  10.173
   9.618
  10.341
  10.772
   5.089
   6.685
   8.880
   9.974
  10.846
  10.225
   9.904
  11.337
   8.767
   5.956
   8.824
   9.776
   7.047
   7.371
  11.080
   5.155
   6.369
   8.757
  10.220
  10.875
  11.281
   7.721
   9.741
  11.781
   9.519
   8.252
   4.793
   5.999
   8.532
  10.845
  11.902
  11.573
   9.532
  11.691
   5.117
   6.035
   9.262
  10.568
  10.722
  10.734
   8.370
   8.217
  11.136
   9.628
   7.013
  10.278
  10.785
  11.031
   5.539
   7.461
   9.966
  10.920
  11.045
  11.422
   9.184
   7.353
  10.489
  10.092
   6.809
   8.881
  11.847
  11.065
  10.197
   6.727
   8.375
  10.419
  10.798
  10.537
   5.960
   7.256
  10.879
  11.057
  11.006
  10.601
  11.292
   5.410
   8.283
   9.561
  11.402
  11.257
   7.648
   9.340
  11.101
   8.439
   7.778
  11.594
  11.899
  10.013
   8.387
   9.660
   9.950
  10.969
  11.650
  10.138
   9.655
  10.932
   9.514
  11.298
   8.141
  10.904
  11.316
  11.680
  10.174
  10.016
   7.537
  10.175
  11.973
   8.197
   6.181
   7.759
  10.764
  11.095
  11.415
   5.188
   6.613
   8.725
   9.959
  11.093
  11.627
   5.221
   6.266
   8.778
  10.025
  10.606
   9.504
   9.122
  10.551
  10.143
   9.421
   9.994
   9.980
   4.733
   6.080
   8.577
   9.418
  10.383
  10.200
   9.661
  11.708
  11.215
   7.882
   9.574
  10.742
   7.659
   6.601
  10.379
   5.015
   6.455
   8.738
   9.927
  10.676
   9.847
  10.724
  10.901
  11.083
   9.086
   5.114
   6.429
   8.958
   9.929
  10.771
  11.337
   9.634
  11.053
   9.912
   6.161
   7.604
   9.759
   8.613
  11.888
  10.354
  10.694
   4.788
   6.420
   8.705
   9.860
  10.387
  11.182
   8.375
   9.625
   9.827
   6.279
   6.066
   9.364
   9.734
  11.565
   9.934
   8.885
  11.586
  10.628
   6.980
   8.390
  11.061
   9.369
   7.810
  11.458
  11.652
   5.100
   6.329
   8.809
   9.704
  10.578
   9.354
  11.735
   8.832
   9.438
  11.135
   9.280
   9.201
  11.947
  10.530
   7.648
  10.705
  10.871
   4.958
   6.266
   8.469
   9.871
  10.588
  10.875
  11.346
   9.137
   7.239
  10.180
  10.100
   6.949
   9.040
  11.957
  11.135
  11.743
  11.363
   5.294
   6.096
   8.677
   9.992
  10.731
   9.111
   8.449
   9.465
   7.050
   4.047
   6.676
   7.571
   4.993
   6.233
   9.502
   9.719
  11.975
  10.479
  11.005
   9.282
   9.789
  10.261
  11.186
   4.829
   6.018
   8.452
   9.788
   9.590
   9.057
  11.372
   9.623
   6.321
   9.086
  10.964
   8.717
   9.059
  11.865
   9.356
   9.841
   8.859
   9.955
  10.577
  10.901
   5.243
   6.153
   8.686
   8.510
   9.511
  11.871
   9.549
   7.412
  10.980
  10.115
  11.675
   5.116
   6.256
   4.916
   6.257
   8.348
   6.166
   4.884
   8.594
   9.814
   8.778
  10.794
   5.244
   5.527
   4.919
   8.208
   7.614
   5.110
   7.939
  10.519
   9.900
  10.597
  11.456
  10.847
   7.523
   8.062
  11.624
  10.901
   8.721
  11.717
   7.983
  11.121
  10.159
   9.307
   8.709
   9.061
   8.626
  11.108
   5.523
   6.279
   8.753
  10.243
  11.006
   4.900
   6.101
   8.662
   9.904
  10.791
   9.681
  10.777
   9.863
  10.261
  11.936
   5.043
   6.326
   8.849
  10.127
  10.715
  11.179
  11.469
   9.997
   8.644
   6.602
   8.581
   9.017
   9.857
   5.035
   6.379
   8.899
   9.864
   9.297
  11.155
   9.702
   9.823
   8.181
  10.976
  11.834
  11.083
   5.245
   6.654
   8.952
   9.426
  11.789
  11.655
   8.915
  10.846
  10.876
   8.941
  11.383
  11.286
   9.862
   5.280
   6.527
   8.118
  10.952
   9.494
   9.761
   8.946
   5.620
   7.237
   7.732
  10.024
   8.709
   5.849
   8.982
  10.914
   9.081
   8.647
  11.630
   4.986
   4.897
   7.770
   6.705
   6.711
   7.271
   5.334
   8.446
  10.352
  10.312
   8.408
  10.771
  11.233
   4.750
   8.514
   9.063
   9.711
  10.927
   8.874
  11.454
  11.897
   9.446
  10.187
  10.238
  10.859
   9.011
   9.338
  11.132
  11.533
   8.681
  10.095
  10.952
  11.625
   8.959
   6.561
   9.500
   9.630
   6.357
   6.944
  10.423
  10.014
   7.861
  10.311
   5.778
   8.340
   9.033
   7.008
   8.818
  10.923
  11.479
   8.207
   7.366
  10.909
  10.522
   7.768
   9.724
  10.826
   6.988
   9.214
   8.475
  11.374
  11.889
  10.863
  11.358
   9.005
   9.401
   6.241
   8.897
  10.591
  11.066
   9.678
  10.147
  10.860
  11.156
   9.230
   7.764
   7.411
  10.913
  11.326
   5.335
   6.036
   8.731
  10.242
  10.473
  11.663
   5.250
   6.378
   8.985
  10.054
  10.288
  11.520
  10.904
   9.718
   4.920
   6.403
   8.623
   9.591
  10.906
  10.128
  11.058
   9.233
   6.917
   9.913
   9.517
   5.340
   6.283
   8.466
  10.287
  11.254
  11.219
  11.749
   9.174
  10.805
   4.988
   5.654
   8.429
   9.891
   9.798
  11.336
  11.901
   9.304
  11.175
  10.849
   9.389
   5.095
   6.296
   8.913
   9.776
  10.413
  10.869
   9.402
  10.881
   9.525
   5.847
   7.591
   9.484
   7.146
   5.898
   9.655
   9.588
  10.684
   5.493
   6.741
   8.698
  10.303
  11.554
   9.461
  11.105
  11.008
   7.263
   7.303
  10.196
   9.070
   6.641
   9.665
   8.173
  10.954
   9.255
   8.452
   5.321
   5.917
   8.454
  10.130
  10.595
  12.000
  11.904
   9.529
   8.887
   9.744
  11.890
  10.130
  11.831
  11.979
  11.136
   4.885
   5.745
   8.379
   9.655
  10.117
  10.270
  11.115
  11.725
   8.466
   6.850
   9.894
   9.658
   6.521
   8.597
  11.540
  10.390
   9.895
  11.698
   5.484
   6.520
   8.906
  10.225
  11.128
   9.303
   8.832
   9.612
   7.172
   4.175
   6.826
   7.690
   4.880
   5.635
   9.097
   9.183
   8.732
  11.521
  11.034
  11.087
   8.576
  11.939
  10.209
  11.158
   5.487
   6.448
   8.878
  10.391
   9.940
   9.574
  11.620
   9.789
   6.563
   9.489
  11.208
   8.662
   8.568
  11.633
  11.207
   9.492
  11.668
  10.331
   5.027
   6.123
   8.690
   8.489
   9.613
  11.722
   9.432
   7.399
  11.071
   9.919
  11.102
   5.122
   6.314
   4.919
   6.471
   8.234
   6.047
   4.975
   8.745
   9.846
   8.593
  10.325
   5.236
   5.306
   4.940
   8.078
   7.535
   5.350
   8.422
  10.854
  10.054
  10.477
  10.712
   7.534
   8.306
  11.631
  10.843
   8.937
   8.282
  11.084
  10.062
   9.516
   8.752
   9.062
   8.975
  11.684
   5.389
   6.363
   8.892
  10.293
  10.852
   5.179
   6.481
   9.036
  10.083
  10.671
  10.884
  11.843
  11.130
  11.581
  10.577
   5.194
   6.614
   8.907
  10.050
  11.047
  11.744
  10.809
  11.437
   9.720
  10.659
   5.120
   6.296
   8.645
  10.014
  10.463
   5.122
   6.170
   8.744
   9.744
  10.704
  10.058
   9.672
  10.144
  11.500
   5.068
   6.306
   8.498
  10.093
  11.401
   9.164
  10.720
  11.541
   8.349
   7.513
  11.164
  11.066
   8.538
  10.787
  10.950
   5.270
   6.055
   8.776
  10.555
  10.831
  11.591
  10.090
  11.432
   4.848
   6.192
   8.966
  10.147
   9.080
  11.944
  11.336
  10.574
   5.454
   6.886
   7.564
   9.402
   8.874
   5.464
   8.121
   9.810
   8.147
   7.222
  10.855
  10.744
  11.862
   5.706
   8.199
  10.040
  10.890
   7.676
   9.126
  11.813
  10.199
   7.803
  11.008
  10.832
  11.113
  11.921
  11.509
   8.457
  11.423
   9.759
  11.420
   8.634
   9.407
   7.785
  10.571
  11.409
   8.599
   7.367
   8.893
  10.376
  11.095
   5.675
   7.762
  10.383
  11.494
  10.616
  10.853
  10.958
  11.616
  11.220
   5.623
   8.266
  10.377
   9.659
  10.597
  10.505
   8.067
  10.639
  10.843
   7.247
   8.292
  11.393
   9.991
   8.062
  11.416
   6.248
   8.617
   9.342
  10.675
   9.418
  10.942
  11.710
   8.237
   7.485
  10.642
   9.613
   6.490
   9.057
   5.923
   6.128
   8.511
  10.548
  10.874
  11.961
   8.513
  10.383
   9.414
   8.287
   9.325
  11.249
  11.961
   4.628
   5.330
   8.136
   9.239
   9.574
  11.517
   9.687
   8.775
  10.257
   8.540
   4.824
   6.611
   8.677
   6.357
   5.452
   9.274
   9.929
   8.259
  10.226
  11.231
  11.564
   9.114
  11.938
  11.672
   6.202
   7.413
   9.514
  10.903
  11.956
  10.352
  11.651
  10.868
   7.227
   6.927
   9.298
   7.549
   4.546
   7.947
   9.378
   7.269
   7.789
  10.654
  11.072
   7.805
  10.021
   8.477
   6.821
   9.794
  10.783
  11.017
   5.531
   6.550
   8.919
  10.373
  10.883
  10.083
   8.537
   8.603
  11.846
  10.602
   7.994
  11.301
  11.065
  11.323
  10.124
  11.499
   8.820
   8.056
  11.680
  10.905
   4.888
   6.025
   8.537
   9.537
  10.432
  10.487
  11.562
   8.700
   7.552
  10.496
   9.986
   6.589
   7.951
  11.239
  10.148
   8.826
  11.236
   9.522
  11.287
  11.888
  11.478
   5.110
   6.226
   8.506
  10.039
  10.782
   9.003
   8.884
   9.656
   6.908
   4.479
   7.029
   7.368
   4.452
   4.642
   8.265
   8.337
   7.232
  10.114
  11.834
  11.683
   9.568
   7.000
  10.150
  11.043
   8.090
   8.195
  11.856
  11.758
  10.080
   5.215
   6.102
   8.752
  10.159
   9.767
   9.802
  11.793
   9.667
   6.681
   9.350
  10.738
   8.139
   7.038
  10.872
  11.420
   9.339
  11.706
  11.297
  10.914
   7.594
   6.429
   9.922
   9.699
   6.664
   8.518
  11.649
  10.684
   9.935
  10.855
   9.448
   9.093
   9.759
  11.622
   4.912
   6.195
   8.674
   8.385
   9.876
  11.797
   9.379
   7.556
  11.079
   9.585
   9.813
  11.078
  10.181
  10.029
  11.743
  11.997
  11.961
   9.013
   8.275
  11.046
  10.146
   6.974
   8.915
   5.249
   6.246
   4.822
   6.484
   8.137
   5.998
   4.767
   8.512
   9.646
   8.157
   8.946
  11.032
  10.116
  10.818
  10.123
  11.649
   9.764
   8.961
   9.389
  11.992
   5.358
   5.580
   5.326
   8.371
   7.683
   4.974
   7.801
  10.307
   9.414
   8.680
  11.984
  11.409
   9.745
  11.143
   7.352
   8.541
  10.957
   8.943
   6.966
  10.679
  11.905
  10.107
  11.636
  11.786
  11.677
  11.995
  10.355
   7.996
  11.127
   9.404
   9.389
   7.465
   8.466
  11.640
  10.732
   8.510
  11.576
  11.771
  11.600
   9.318
  11.563
  11.059
   9.961
  11.510
   9.567
   9.415
   9.773
   7.172
   4.565
   7.501
   8.290
   5.874
   6.136
   9.852
  11.230
  11.074
  11.201
   8.254
  10.939
  10.123
   9.232
  11.917
   9.845
   6.965
   8.300
   8.966
   5.817
   4.483
   8.168
   8.938
   7.809
  10.713
   9.277
   8.610
  11.779
   8.541
   9.057
   8.357
  10.971
   9.743
  10.568
  11.615
   8.930
  10.429
   9.426
   7.310
  10.755
  10.028
  11.979
   9.394
   9.288
  11.656
   5.460
   5.938
   8.645
  10.214
  10.494
  11.471
   9.766
  11.642
  11.684
  11.692
  11.360
  10.032
  11.561
  11.416
   4.765
   5.986
   8.611
   9.741
   9.806
  11.798
  10.291
   9.546
  11.456
   9.996
   6.426
   8.895
  10.819
   8.505
   8.252
  11.926
   5.518
   6.657
   8.823
   9.975
  11.054
  10.962
   8.900
  10.226
  11.166
   9.698
   5.291
   6.052
   8.234
   9.929
  10.575
  11.903
  10.890
  10.296
   5.168
   5.571
   8.166
   9.531
   9.878
  11.871
   9.384
  11.510
  11.877
   8.486
   7.504
  10.682
  10.305
   7.401
   9.888
  11.479
  11.555
   5.117
   5.933
   8.435
   9.610
  10.518
   9.605
  10.514
  11.306
   8.622
   6.041
   8.774
   9.481
   6.458
   7.466
  10.872
  10.641
   9.970
  10.812
  10.624
  11.135
  11.147
   5.255
   6.217
   8.604
  10.117
  11.004
  10.961
  11.441
   8.824
  11.871
  10.258
  10.930
   4.904
   5.994
   8.713
   9.828
  10.037
   8.806
  10.874
  10.410
   8.766
  11.169
   4.751
   6.314
   8.761
   9.584
  10.558
  11.416
   9.991
  10.414
   9.197
   5.488
   7.138
   9.070
   7.102
   5.297
   8.981
  10.319
   8.908
  10.389
  10.536
  11.738
   5.210
   6.679
   8.879
  10.372
  10.489
  11.105
  11.837
  11.739
   7.979
   7.966
  10.648
   9.635
   6.594
   9.426
  11.858
  10.432
  10.503
  10.524
  11.393
  11.332
   8.543
  11.592
  10.996
  10.670
   5.152
   6.185
   8.791
  10.065
  10.974
   9.162
   9.985
   9.728
  11.756
   4.960
   6.160
   7.958
   9.542
   7.378
   9.475
   9.207
   6.210
   7.638
  10.779
  10.113
   8.873
  11.852
  11.187
   5.620
   5.353
   7.446
   6.717
   8.342
   9.469
   6.602
   5.896
   9.628
  10.161
   8.326
  10.675
   8.815
  10.750
  11.908
   8.741
   7.700
  11.336
  11.935
   9.435
  11.413
   5.874
   9.240
   9.249
  11.664
  10.177
   9.669
  11.685
  10.998
  10.068
  10.193
  10.543
   9.181
   8.428
  11.682
  10.328
  10.926
   5.366
   8.899
  10.418
   9.239
   9.380
  11.924
  10.534
   9.449
  10.854
   8.232
  10.852
   9.690
   8.300
  11.845
  11.331
   8.536
   7.404
   9.881
   9.305
   5.747
   7.818
  11.261
   8.759
   8.956
   7.599
  10.359
  11.981
   9.739
   7.245
   8.792
   9.089
   5.624
   5.521
   8.913
   9.837
   9.547
  10.756
   5.984
   6.232
   8.738
  10.257
  10.865
  11.750
   8.842
  11.029
   9.090
   8.720
  11.468
  11.709
  10.227
  11.361
  10.948
   4.635
   5.702
   8.094
   9.420
  10.480
  11.838
  11.727
  10.915
  11.329
   7.738
   9.327
  11.594
   9.426
   8.145
   9.710
   9.639
   7.229
   9.503
   7.574
   7.546
  11.086
  11.393
   5.547
   6.188
   8.600
  10.378
  10.664
  10.666
  11.884
   9.745
  11.058
   8.332
   9.434
  11.885
  10.384
  11.855
   4.729
   5.632
   8.342
   9.336
   9.982
  11.896
  10.808
  11.456
   9.502
  11.941
  10.134
  10.067
  11.832
   5.288
   6.565
   8.811
  10.190
  10.949
  10.636
  11.471
   7.690
   7.860
  10.463
   8.872
   5.884
   8.786
  11.189
   9.675
   9.922
  11.197
   9.975
  11.372
   8.578
   7.250
  10.979
  11.787
   9.618
  11.395
   5.341
   6.212
   8.716
   9.984
  10.480
  10.301
   9.222
   8.381
  11.709
  11.276
   8.058
   9.837
  11.594
  11.779
   9.087
   9.237
   5.762
   5.572
   9.016
   8.780
   6.718
   9.462
  11.623
  11.961
  10.694
  10.544
  11.542
  11.460
   4.881
   6.081
   8.577
   9.504
  10.268
  10.893
  10.657
  10.897
  10.973
   8.841
   9.235
  11.369
   8.814
  11.966
   9.754
  10.815
  10.898
  10.445
  11.947
  11.187
   5.201
   6.312
   8.599
   9.914
  10.947
  10.860
   9.656
   8.280
  11.112
  11.037
   7.722
   9.075
  11.492
   9.650
  10.983
  10.014
   9.479
  11.714
  11.547
   4.968
   6.100
   8.674
  10.022
  10.260
   9.048
   9.505
  10.854
   8.097
   5.460
   8.261
   9.316
   6.558
   6.818
  10.476
  10.820
   9.106
  11.231
   9.612
   8.126
  10.561
   9.950
   6.328
   8.223
  11.126
   9.628
   8.621
  11.119
  11.932
  11.970
   9.730
  11.815
   4.819
   6.167
   8.764
   9.700
   9.910
  10.913
  10.952
   8.186
  11.281
  10.385
  10.258
   9.653
   9.595
  11.623
   9.750
   6.477
   9.525
  11.324
   8.958
   9.212
  11.982
   8.830
   8.737
  10.999
   9.118
   6.263
   9.589
  11.231
   9.044
  10.233
   4.977
   6.396
   8.585
   8.579
  10.838
  10.342
   8.785
  11.068
  10.097
  11.980
  11.508
  11.596
   9.865
   9.174
  11.458
   8.572
  11.402
   5.359
   6.020
   4.949
   7.088
   8.899
   6.831
   5.534
   9.285
  10.445
   9.003
  10.359
   9.806
  11.261
  10.918
   9.282
  11.930
  10.389
   9.301
  10.009
  10.150
   5.108
   6.197
   7.170
  10.246
   9.240
   6.702
   9.975
  11.121
  11.239
  11.560
   8.133
   9.785
  11.060
   7.848
   7.022
  10.698
  11.197
   8.868
  10.837
  11.248
  10.629
   7.731
   9.865
   9.349
   5.579
   6.865
   9.814
   8.361
   7.187
  10.713
  11.340
   7.906
  10.050
  11.973
  10.147
  11.097
  10.722
  10.607
  11.282
  10.509
   6.874
   8.156
   8.982
   5.814
   4.928
   8.609
   8.702
   6.991
   9.553
  11.898
   8.807
  11.264
  10.585
   9.961
  11.882
  10.514
   6.959
   9.365
  10.926
   8.111
   8.005
  11.777
  10.758
   8.828
   9.288
   8.423
  11.339
  11.178
   9.359
   9.041
  10.077
  11.286
   9.656
   8.150
   5.459
   8.929
   9.631
   6.954
   8.615
  11.906
  11.535
  11.314
   5.701
   5.994
   8.850
  10.232
  10.613
   9.486
  10.698
  10.693
  11.531
   9.231
   9.994
  11.744
   4.886
   6.354
   8.692
   9.948
  10.622
  11.622
  10.735
  10.480
   7.072
   9.294
  11.075
   8.487
   7.579
  11.334
  10.986
  11.053
  11.411
  10.124
  10.191
   5.856
   6.631
   8.945
  10.459
  11.447
   9.861
  11.594
  11.899
  10.190
   4.863
   5.884
   8.297
   9.804
  10.628
  11.776
  11.686
  10.132
   5.417
   6.167
   8.755
  10.278
  10.381
  11.975
  10.879
   8.588
   8.078
  11.031
   9.715
   6.703
   9.615
  10.699
  10.497
  11.365
   5.120
   6.261
   8.819
   9.762
  10.499
  10.987
  11.541
   9.627
   7.588
  10.664
  10.531
   7.123
   8.647
  11.341
  10.148
   5.392
   6.583
   8.685
  10.260
  11.106
  10.584
  10.818
   5.245
   5.925
   8.467
   9.982
  10.583
   9.704
  11.910
  10.231
   9.687
  10.830
   4.891
   5.825
   8.291
   9.737
  10.701
  10.102
  11.545
  11.965
  10.359
   6.793
   8.375
  10.169
   7.794
   6.548
  10.347
  11.039
   9.028
  10.829
   5.415
   6.150
   8.589
  10.297
   9.768
   9.353
  10.314
  11.148
   9.042
  11.571
   5.323
   6.108
   8.850
   9.788
  10.186
  11.714
   5.276
   6.587
   7.533
  10.366
   9.534
  11.460
  10.197
   6.985
   9.673
  10.499
  10.196
   5.390
   4.536
   7.949
   8.003
   9.810
   9.780
   6.344
   7.727
  11.011
  10.455
   9.295
   5.818
   9.562
  10.769
  10.108
  11.308
   9.514
  10.443
  10.642
   7.179
  10.570
  11.156
   9.110
  10.982
   8.335
   9.817
   7.626
   8.249
  11.763
  11.755
   9.078
   8.432
   8.846
  11.772
   5.703
   6.875
   8.978
  10.436
  11.312
   4.994
   5.991
   8.475
   9.615
  10.257
  10.740
  11.889
   5.137
   6.099
   8.491
   9.773
  10.649
  11.168
   8.549
  10.375
  11.748
  10.759
  11.103
   5.237
   6.202
   8.700
  10.032
  10.530
  11.099
   4.975
   6.189
   8.750
   9.738
  10.351
  11.161
   4.856
   6.290
   8.579
   9.724
  10.642
   9.921
   9.720
  10.424
   7.599
  10.926
  11.453
   5.156
   6.280
   8.730
  10.137
  10.721
  10.284
  11.830
   9.049
   8.178
  11.478
  10.849
   8.107
  11.103
   4.900
   6.043
   8.555
   9.796
  10.580
  11.755
  11.274
  11.351
  11.393
   5.181
   6.203
   8.584
  10.022
  10.555
  11.128
   9.788
  11.004
  10.468
   5.326
   6.133
   8.638
  10.097
  10.791
  11.860
  10.379
  11.383
   9.440
   7.314
  10.034
  10.151
   6.575
   7.977
  11.082
   9.940
   8.986
   5.302
   6.294
   8.716
  10.345
  10.627
  10.028
  11.809
  11.037
  10.789
   8.171
  11.357
   9.467
  10.316
   5.235
   6.045
   8.490
   9.809
  10.235
  10.717
  11.556
   5.184
   5.894
   7.986
   7.771
  10.917
  11.840
   9.830
   9.237
   9.727
   5.715
   5.772
   4.918
   7.578
   8.369
  10.320
   7.629
   6.763
  10.537
  11.164
   9.122
  11.442
   5.227
   6.747
   9.549
  10.674
  11.099
  10.073
   7.944
  11.513
   9.277
  11.920
  10.548
  11.460
   9.676
  11.689
   9.966
  10.643
   8.054
   6.232
   7.463
  10.632
  11.065
  10.648
   5.428
   6.775
   8.963
  10.101
  10.825
   4.753
   6.158
   8.530
   9.435
  10.492
   5.081
   6.219
   8.504
   9.916
  10.657
   4.947
   5.877
   8.518
   9.622
  10.141
   4.928
   6.266
   8.695
   9.730
  10.570
   5.135
   6.392
   8.748
   9.962
  10.924
   4.942
   6.197
   8.709
   9.804
  10.049
   4.963
   6.314
   8.762
   9.689
  10.781
   5.077
   6.525
   8.728
  10.343
  11.403
  10.781
  10.012
  11.705
   5.055
   5.934
   8.625
   9.962
  10.566
   9.738
   7.780
  11.476
  10.367
  11.699
   4.936
   6.108
   8.649
  10.223
  10.643
   9.271
   5.824
   6.989
   9.428
  10.864
   8.492
   8.532
   5.266
   6.371
   7.769
   5.360
   4.728
   8.419
   9.344
   8.853
  10.679
   5.588
   8.634
   7.720
   5.831
   9.047
  11.274
  10.884
  11.491
   9.031
   8.824
   8.443
  11.279
   5.878
   6.733
   8.829
  10.372
  11.663
   4.977
   5.895
   8.480
   9.963
  10.334
  11.526
   5.046
   6.161
   8.863
   9.946
  10.010
   4.892
   6.454
   8.725
   9.535
  10.851
   5.409
   6.405
   8.502
  10.313
  10.766
   5.045
   5.638
   8.425
   9.685
  10.451
   5.039
   6.269
   8.566
  10.336
   5.389
   5.988
   8.548
  10.996
  11.948
  10.990
   5.094
   5.907
   9.144
  10.562
   8.895
  10.678
   5.897
   7.728
  10.245
  10.597
  11.707
   6.504
   8.160
  11.585
  11.759
   9.791
  11.579
   5.991
   8.782
   8.258
   6.093
   8.497
  11.680
   7.412
   8.166
   5.414
   5.973
   9.612
  11.075
   9.854
   8.719
   7.563
   7.420
  10.382
  11.562
   9.094
  11.832
  10.900
   5.801
   6.539
   8.556
  10.773
   8.612
  10.412
   8.995
  10.822
  11.591
  11.215
   4.773
   5.230
   7.694
   5.980
   7.128
  10.433
  10.688
  10.895
  10.315
  11.661
   7.836
   8.697
  11.575
  10.039
  10.666
  11.958
   9.248
   8.017
  10.104
  11.160
  11.401
   5.798
   9.395
   9.042
   9.872
  10.721
  10.633
   9.657
   9.700
   6.418
   6.260
   8.250
  10.510
  11.625
  11.588
  11.797
   8.128
   9.724
   9.050
   9.123
  11.229
   9.316
   8.553
   8.984
  11.279
  11.983
  11.538
   7.869
   8.114
  11.698
   5.740
   8.429
  10.341
  10.042
  11.734
  10.734
   8.636
   8.788
   9.802
   9.872
   9.172
   6.302
   8.045
   9.116
  10.968
  11.961
  11.380
  11.155
  11.739
   9.856
  10.103
  11.048
  11.915
  11.006
  11.693
   8.721
   5.719
   6.141
   6.429
   8.744
  10.565
  10.906
  10.657
   9.293
   9.074
   5.413
   5.908
   8.676
  10.155
  10.290
  11.243
   9.757
   9.582
   9.162
  10.444
   8.875
   8.638
   7.285
   9.984
  11.800
  11.394
   4.783
   6.049
   8.615
   9.552
  10.310
  11.585
  11.833
  10.880
   8.275
  11.295
   9.178
  10.283
  11.771
   8.615
  11.054
  10.279
   9.848
  10.287
  11.230
  10.364
   5.685
   6.761
   8.832
  10.355
  11.336
  10.723
   9.762
  11.404
   9.659
   6.182
   8.474
  10.325
   7.812
   7.768
   9.895
   8.216
   4.868
   7.415
   9.254
   6.856
   6.915
  10.582
  11.341
  10.663
  11.365
   9.416
  11.079
   9.597
  10.430
   5.265
   6.066
   8.675
   9.950
  10.492
  11.032
   9.990
  11.591
   8.206
  10.628
  11.239
  11.036
  10.135
   6.617
   7.436
   9.005
   6.457
   4.592
   8.377
   9.722
   8.356
  10.040
  11.353
   9.514
  10.692
  11.872
   4.934
   6.165
   8.646
   9.756
  10.356
   9.567
   9.905
  10.952
   8.464
  11.822
  11.671
   9.312
  10.067
  10.196
   8.049
  11.664
  11.701
   5.137
   6.442
   8.852
  10.058
  10.586
  11.341
   9.627
  10.936
   9.716
   5.974
   6.574
   9.109
   7.328
   5.390
   9.032
  10.649
   9.359
  10.891
   8.342
   8.776
  11.961
  10.756
   8.961
   4.969
   6.280
   8.672
   9.704
  10.526
  11.424
   8.598
   9.829
   9.978
   6.608
   5.398
   8.848
   8.697
   6.276
   8.840
  11.593
  11.099
  11.567
  11.210
   7.582
   6.408
   9.534
   9.066
   6.556
   9.341
  11.866
   5.010
   6.063
   8.316
   9.749
  10.654
   9.406
  11.804
   8.671
   8.556
  11.804
   9.748
  10.764
   9.638
  11.082
   7.769
  10.312
  11.965
  11.728
  10.983
   9.647
  10.417
  10.630
   5.198
   5.925
   8.510
   9.960
  11.059
  10.827
  11.469
   9.130
   7.244
  10.158
   9.924
   6.499
   8.008
  11.317
  10.512
   9.663
  11.695
  11.103
  11.500
   5.110
   6.101
   8.721
  10.280
  10.568
   8.969
   8.496
   9.597
   7.117
   4.093
   6.744
   7.560
   4.898
   5.432
   8.923
   9.390
   8.932
  11.390
  10.254
  11.071
  11.761
   5.067
   6.306
   9.003
   9.853
   9.672
   9.375
  11.692
   9.889
   6.527
   9.275
  11.026
   8.659
   8.293
  11.985
  11.763
  11.048
  10.612
  11.828
  10.161
   9.250
  11.418
   8.349
  10.636
  11.690
   5.225
   6.877
   9.077
   8.979
  10.172
  10.222
   7.894
  11.436
  10.159
  11.033
   9.544
   9.449
  11.622
   9.664
   6.741
   9.805
  11.415
   9.196
  10.415
   5.481
   6.636
   5.425
   7.006
   8.934
   6.789
   5.237
   9.016
  10.133
   8.554
  10.154
   9.641
  10.767
  11.113
   4.940
   5.298
   5.161
   8.373
   7.778
   5.222
   8.171
  10.639
   9.841
  10.217
   9.393
  10.694
  10.695
   9.825
   7.401
   8.417
  11.791
  11.095
   8.876
  11.999
  11.577
   9.918
  11.167
   9.956
   6.210
   7.308
   9.284
   6.913
   6.220
   9.834
  10.011
   8.247
  11.102
  10.437
   9.532
  11.997
   8.676
   9.902
  10.672
   7.297
   6.736
  10.601
  11.905
   8.554
   9.164
   8.473
  10.978
  11.384
  11.878
  10.424
   8.611
   5.634
   6.132
   8.689
  10.232
  10.670
  11.905
   4.889
   6.026
   8.633
   9.797
  10.543
   5.305
   6.558
   8.906
  10.340
  10.811
   4.975
   6.076
   8.581
   9.644
  10.197
   5.142
   6.253
   8.502
   9.747
  10.688
   5.424
   6.105
   8.506
  10.021
  10.737
   4.968
   5.850
   8.473
   9.743
  10.037
  11.971
   5.011
   6.234
   8.768
   9.747
  10.531
  11.289
  10.514
   5.016
   6.330
   8.593
   9.869
  10.792
  10.850
  11.527
   8.799
   7.238
  10.971
  11.972
  10.585
   5.061
   6.049
   8.586
   9.773
   9.680
  11.592
   9.764
   8.910
   4.948
   6.137
   8.636
  10.041
  11.774
   9.473
   9.958
   5.155
   6.468
   7.949
   8.654
   5.826
   6.767
  10.180
  10.107
   9.918
   4.998
   4.859
   6.792
   5.656
   6.250
   9.122
  10.174
  10.940
   6.473
   9.319
   8.624
  10.015
   8.709
   7.516
  10.137
  11.332
   5.535
   8.483
   9.966
   9.784
  11.838
  10.471
  11.840
   9.361
   8.121
  11.705
  11.729
  11.006
   7.396
   8.226
   9.436
  11.747
  11.686
   9.101
  11.457
  11.892
   8.259
   8.611
   5.418
   5.951
   8.890
  10.191
   9.993
  11.975
  10.257
   9.898
  11.535
   9.260
   6.072
   8.667
  10.061
   7.162
   6.989
  10.714
  11.647
  10.306
  10.139
   4.759
   6.340
   8.797
   9.561
  10.606
  11.602
   8.918
  11.095
  10.640
   9.417
  10.376
  11.221
  10.309
   5.435
   6.791
   8.827
  10.457
  11.600
  11.977
  10.430
   5.200
   5.989
   8.668
  10.056
  10.348
  11.429
  10.443
  11.969
   8.222
   8.870
  11.732
  10.157
   7.687
  10.970
  11.210
  11.339
  10.386
   4.941
   6.130
   8.640
   9.675
  10.574
  10.192
   9.087
   8.065
  11.273
  10.691
   7.461
   9.649
  11.228
  10.134
   9.790
  11.275
   8.603
   7.229
  11.019
  10.249
  11.717
   5.623
   6.817
   9.098
  10.552
  11.360
  11.584
  11.730
  11.089
  11.178
  10.043
   9.820
  11.461
  10.028
   5.216
   6.300
   8.848
  10.065
  10.635
  10.781
  10.288
   9.020
   9.745
  10.085
  11.208
  11.989
  10.920
  11.580
   9.266
  11.889
   4.927
   6.306
   8.740
   9.859
  10.445
   9.082
  10.014
  11.030
   8.164
   5.873
   8.780
   9.830
   7.106
   6.658
  10.391
  10.844
   8.943
  11.086
   9.806
   8.028
  11.164
  11.501
   8.396
   9.493
  11.605
  10.512
  10.763
   5.245
   6.420
   8.772
  10.016
  10.054
  11.111
  11.010
   8.101
  10.770
  10.456
   8.927
  11.322
  11.515
   7.802
   7.526
  10.401
   9.552
   6.585
   9.108
  11.539
   9.842
   9.933
  11.253
  11.707
  10.316
  11.555
  10.417
   8.657
   5.082
   6.152
   8.540
   8.538
  10.789
  10.847
   8.817
  11.495
  11.396
  11.240
   9.432
  11.742
  11.455
  11.046
  11.127
  10.364
   8.431
   8.699
   8.048
   5.562
   8.606
  11.031
  10.434
  10.787
   5.183
   6.027
   4.956
   7.182
   9.166
   7.272
   5.573
   9.153
  10.985
   9.707
   9.763
  11.471
   9.292
  10.390
  10.589
   8.940
  11.855
   9.511
  10.287
  10.886
   8.565
  10.710
   5.130
   6.064
   6.628
   9.635
   8.848
   5.886
   8.374
  11.288
  10.567
   9.336
  10.700
   9.834
  11.289
   9.922
   6.185
   7.485
   9.470
   6.809
   5.684
   9.439
  10.252
   8.834
  10.829
  11.286
  10.889
   8.208
  10.342
  10.961
   9.842
   7.793
   9.344
  11.979
   9.503
  11.445
   8.188
  10.458
  11.509
   8.094
   8.160
  11.763
  11.388
   9.619
  11.963
  11.809
  10.300
   9.093
  11.664
   8.367
   7.253
   4.491
   6.731
   7.511
   7.259
   9.672
  11.594
  11.785
  11.789
   8.360
  11.360
  10.907
   9.572
  11.305
  10.746
   9.610
  10.248
  10.973
  11.383
   9.180
   5.583
   6.317
   8.499
   7.504
   8.537
  11.309
  11.356
   9.177
  10.298
   8.575
   9.256
   7.945
  10.141
  10.612
  10.997
   9.089
   6.932
  10.057
  10.320
   7.199
   8.876
  11.572
   7.926
   9.718
  11.216
  11.957
   5.890
   5.836
   8.539
  10.403
  10.819
  11.559
  11.755
  11.575
  11.320
   8.418
  11.432
   9.951
  10.453
  10.925
  11.927
   4.931
   5.922
   8.406
   9.886
  10.166
  11.996
  10.749
   9.448
  11.519
   9.760
   6.147
   8.373
  10.416
   8.051
   7.542
  11.290
  11.714
   5.610
   6.317
   8.598
  10.097
  11.225
  11.410
   9.234
  10.742
  11.416
   9.940
   5.350
   5.964
   8.238
  10.122
  10.964
  11.910
  11.367
  10.301
   5.415
   5.783
   8.407
  10.065
  10.206
  11.771
  10.168
  11.759
   8.900
   7.830
  11.124
  10.170
   7.327
   9.968
  11.320
  11.321
   5.198
   6.122
   8.740
   9.865
  10.559
  10.301
  10.848
   9.350
   6.772
   9.944
  10.150
   7.081
   8.308
  11.659
  11.205
  10.259
  11.755
  11.166
  11.491
   5.613
   6.776
   8.979
  10.490
  11.354
  10.031
  10.838
  11.888
   5.207
   6.119
   8.648
  10.021
  10.603
  11.996
  10.031
  11.537
  10.041
  11.700
   4.920
   6.006
   8.483
   9.669
   9.975
  10.824
  10.946
  11.933
  10.120
   6.501
   8.196
  10.431
   8.387
   6.832
  10.548
  11.380
   9.777
  11.412
  11.395
   5.320
   6.314
   8.720
   9.802
   9.882
   8.658
   9.105
  10.840
   8.251
  11.493
  11.509
  11.980
  10.927
   5.200
   6.243
   8.534
   9.856
  10.221
  11.596
  11.530
   5.054
   5.903
   8.067
  10.259
   9.483
  11.946
  10.990
   7.541
   9.779
  11.744
  10.828
   4.743
   4.938
   7.427
   7.477
   9.782
   9.883
   6.497
   7.385
  11.041
  11.000
   9.709
  10.816
  11.003
  11.286
   5.536
   9.173
  10.424
  10.268
  10.721
   9.409
  10.329
  10.951
   6.745
  10.301
  11.086
   8.796
  10.275
   9.162
  10.977
   8.882
   8.800
  11.713
   9.623
  10.369
  10.452
   9.098
   8.378
   8.205
  11.166
  11.663
   8.559
   8.274
  10.982
   9.491
   7.088
  10.161
   5.587
   6.501
   8.729
  10.361
  11.338
  11.269
  11.892
   9.225
   7.466
  10.483
  10.268
   7.303
   9.086
   5.217
   5.921
   8.488
  10.060
  10.545
   9.519
   9.080
  10.064
   7.715
   4.689
   7.445
   8.391
   5.802
   6.359
   9.358
  10.815
   9.866
  10.178
   4.848
   5.824
   8.363
   9.499
  10.077
  11.983
  10.338
  10.115
  10.327
   7.278
  10.128
  11.862
   9.509
   9.237
  11.829
  10.310
  10.963
   9.634
   5.457
   6.392
   8.782
   9.898
  10.653
   9.206
  10.404
  10.016
   8.186
  11.790
  11.052
  11.879
   5.368
   6.459
   8.877
  10.164
  10.778
  10.722
   9.140
  10.596
   9.290
   5.539
   6.846
   8.744
   6.574
   5.263
   8.982
  10.325
   9.398
  10.474
  10.359
   5.007
   6.369
   8.930
   9.929
  10.356
  11.232
   8.447
  10.021
  10.141
   6.583
   5.922
   8.954
   8.262
   5.673
   8.340
  10.973
  10.211
   9.829
  10.970
  11.967
   9.585
  11.469
   9.245
   6.697
  10.162
  11.345
   8.763
   9.689
   4.631
   6.193
   8.426
   9.255
  10.300
  11.577
   9.051
  11.769
   8.603
   8.919
  11.410
   9.270
  10.402
   8.805
   9.443
  11.355
  11.312
  11.702
   4.970
   5.998
   8.207
   9.604
  10.377
  11.739
  10.341
  11.295
  11.731
   8.395
   6.793
   9.938
   9.788
   6.631
   8.405
  11.454
  10.575
   9.731
  11.031
  10.799
  11.840
   5.198
   5.989
   8.687
   9.916
  10.043
   8.799
   8.623
   9.490
   6.980
   3.964
   6.873
   7.874
   5.279
   5.756
   9.282
   9.667
   8.807
  11.075
  11.367
   8.560
  11.087
  11.343
   7.735
   8.189
  11.564
  10.634
   8.858
   4.837
   6.179
   8.649
   9.449
   9.662
  10.061
   9.907
   6.857
   9.958
  11.612
   9.103
   8.911
  11.493
  10.028
   8.388
  11.029
  10.104
   6.517
   8.659
  11.236
   9.507
   8.984
  10.697
   9.636
  11.423
  11.106
  10.619
   4.970
   6.191
   8.368
   8.455
  10.274
   9.526
   7.744
  11.472
  10.360
  11.412
  10.047
  11.898
  11.905
  10.931
  11.382
   4.962
   5.806
   4.836
   6.752
   8.465
   6.275
   5.067
   8.790
  10.191
   8.963
  10.299
  10.155
  10.838
  10.890
   8.862
  10.609
   4.831
   5.851
   6.292
   9.289
   8.373
   5.876
   8.854
  11.433
  10.421
  10.381
  11.062
  10.947
   7.342
   8.342
   9.993
   7.262
   5.908
   9.675
  10.080
   7.965
  10.447
  10.049
  10.939
   9.796
  10.835
   7.683
   9.397
  11.253
   9.348
   9.653
  11.606
   9.382
   9.112
   9.975
  10.282
  11.205
  11.451
   9.138
  10.970
  11.051
   8.581
  11.141
  10.042
   9.483
  11.811
  10.510
  10.239
   8.876
   9.078
   8.394
  10.867
  11.583
  11.858
   9.504
   7.674
  10.553
   9.980
   6.529
   8.760
  11.351
   9.427
  11.742
  10.991
  10.111
  11.988
   5.606
   6.197
   8.557
  10.377
  10.917
  11.973
  11.263
   8.369
  11.007
  11.619
   8.143
   8.917
  11.404
   5.172
   5.949
   8.712
   9.980
  10.374
  10.895
   9.400
  10.938
   9.309
   5.765
   7.691
   9.097
   6.186
   6.125
   9.815
   9.971
   5.066
   6.391
   8.777
   9.997
  11.074
  11.314
   8.834
  10.036
   9.594
   8.288
   5.234
   6.257
   8.587
  10.167
  11.006
  11.547
   9.943
  11.661
  11.350
   5.171
   6.057
   8.751
  10.069
  10.491
  10.780
   9.080
   8.059
  11.129
  10.208
   7.229
   9.943
  10.228
  10.736
   5.214
   6.534
   9.004
  10.113
  10.738
  11.141
  11.725
  10.054
   7.574
  10.564
  10.793
   7.479
   8.757
  11.878
  10.605
   9.995
   5.393
   6.649
   8.972
  10.257
  11.269
  10.781
  11.201
   5.156
   6.301
   8.696
  10.143
  11.262
  10.756
  11.385
  10.223
  11.488
   5.130
   6.081
   8.667
  10.125
  10.261
   9.734
  11.950
  10.738
  11.390
   7.664
   9.258
  11.340
   8.909
   7.286
  11.066
   9.941
  11.629
   5.172
   6.328
   8.975
   9.928
   9.110
  10.462
  11.387
   9.921
   5.431
   6.940
   9.084
   9.782
  11.809
   5.312
   6.214
   7.444
  10.046
   9.557
   8.890
  11.247
  11.363
   4.934
   4.220
   7.483
   8.088
  11.184
  11.681
   8.574
   9.749
  10.769
   6.076
   9.795
  11.262
   9.392
  10.546
   7.063
  10.883
  11.891
  10.031
  11.688
   9.416
  11.181
   9.107
   9.506
   9.265
   8.502
   8.593
  11.907
   5.360
   6.337
   9.014
  10.048
  10.595
  10.462
  11.418
   5.018
   6.534
   8.816
   9.925
  10.773
  10.988
   9.755
  11.207
   7.603
   9.677
   5.130
   6.283
   8.637
   9.872
  10.906
  11.299
  11.339
   9.136
   6.830
   9.238
   9.180
   5.553
   6.735
  10.211
   4.879
   6.021
   8.502
   9.818
  10.418
  11.972
  11.375
   8.741
  11.714
   9.086
   9.709
   5.128
   6.251
   8.827
   9.886
  10.604
  10.762
  10.623
   9.167
   9.719
  11.623
   5.062
   6.466
   8.803
  10.009
  10.969
  10.937
  10.761
   7.157
   8.574
   9.960
   7.009
   5.758
   9.463
   9.820
   7.570
   9.758
   5.207
   6.423
   8.882
  10.100
  10.768
  10.294
  11.667
   7.882
   8.202
  10.750
   8.917
   6.293
   9.783
  11.425
   9.303
  10.080
   4.973
   6.268
   8.742
   9.682
  10.915
  11.150
   9.621
  11.001
  11.677
   9.794
   5.147
   6.505
   8.847
  10.406
  11.065
  11.355
   9.728
   8.815
  11.638
  10.574
   7.100
   9.646
  11.972
   9.941
   9.321
   5.165
   6.469
   9.211
  10.074
   9.893
   9.384
   9.884
  10.931
   7.943
   5.752
   8.663
   8.680
   5.306
   6.961
  10.068
   9.232
   8.199
  11.557
   4.813
   6.624
   8.760
   9.138
  10.029
  11.082
  10.535
   8.169
  11.502
   9.033
  10.150
  11.188
   5.499
   6.609
   8.466
   9.003
  11.276
  10.123
   9.093
  10.110
   5.092
   5.679
   5.348
   7.572
   9.210
   6.756
   5.989
   9.768
  10.298
   8.370
  10.686
   4.498
   6.456
   7.686
  10.596
   9.175
   7.035
  10.596
  10.346
  11.436
   8.126
  10.414
  11.853
  10.484
   8.802
  11.151
  10.023
   9.858
   8.844
   8.747
   7.908
  11.011
   5.479
   6.102
   8.874
  10.228
  10.273
   4.870
   6.338
   8.821
   9.635
  10.535
   5.520
   6.805
   8.901
  10.331
  11.486
   5.063
   5.999
   8.547
   9.926
  10.609
   4.935
   6.131
   8.744
   9.851
  10.184
   5.207
   6.602
   9.010
   9.935
  10.920
   5.156
   6.521
   8.737
  10.035
  10.903
   5.130
   6.156
   8.713
   9.896
  10.406
   4.895
   6.208
   8.637
   9.673
  10.510
  10.041
   9.697
   5.184
   6.384
   8.734
  10.100
   9.190
   9.852
  11.653
   4.998
   6.119
   8.695
   9.257
  10.914
   5.011
   6.226
   7.210
   8.319
  11.605
   5.182
   4.178
   5.707
   8.346
   9.116
  11.251
  10.290
   5.751
   8.746
  10.508
  10.319
  11.138
  11.315
   9.463
  11.774
  10.736
   8.738
   7.307
  10.127
  11.775
   5.003
   8.237
   9.781
   9.163
  10.907
  11.496
   9.170
   9.423
  11.093
   7.375
   8.691
   9.555
  11.517
   9.495
   8.391
   9.464
   5.332
   6.176
   8.766
  10.025
  10.562
   8.840
   9.015
   9.905
   6.607
   5.324
   7.546
  11.013
  10.821
  11.654
  10.641
   4.840
   6.097
   8.509
   9.642
  10.302
  10.082
  10.366
   9.681
   7.866
   9.882
  11.301
  10.706
  10.817
   5.384
   6.353
   8.705
  10.012
  10.983
   8.736
  10.387
   9.756
   9.330
   5.014
   6.034
   8.487
   9.915
  10.292
  10.522
   8.884
  10.202
   8.783
   5.057
   6.731
   8.859
   6.917
   6.911
  10.429
  11.330
  10.001
  11.649
   5.077
   6.135
   8.751
   9.817
  10.403
  11.800
   9.126
  10.760
  10.684
   6.962
   6.716
   9.798
   8.535
   6.762
   9.475
  11.634
  10.039
  11.016
   7.810
   7.320
  11.043
  11.345
   9.101
  10.930
   4.980
   6.310
   8.574
   9.705
  10.743
  10.122
   9.040
   9.776
  11.816
  10.521
   9.961
  10.348
  10.773
   5.226
   6.077
   8.483
   9.900
  11.112
  11.847
  10.419
  11.508
   8.753
   7.508
  10.474
  10.047
   6.941
   8.811
  11.878
  11.197
  11.072
  11.998
  11.348
  10.896
   5.006
   6.027
   8.679
  10.170
   9.744
   8.691
   8.810
  10.238
   7.571
   4.855
   7.787
   8.659
   5.880
   6.291
   9.886
  10.270
   9.733
   9.477
   8.323
  11.366
  10.667
   7.224
   9.050
  10.692
   9.597
   5.035
   6.483
   9.219
   9.545
   9.886
  10.626
  10.648
   7.967
  11.055
   9.596
   9.359
  11.966
   8.514
   8.907
  11.648
   9.935
   7.129
  10.245
  10.670
  10.867
   4.949
   6.813
   8.480
   8.586
  10.637
  10.066
   8.650
  10.868
  11.742
  10.198
   5.453
   5.862
   4.933
   7.061
   8.734
   6.733
   5.767
   9.532
  10.854
   9.395
  10.429
   9.456
  11.362
  10.781
   9.668
   4.627
   5.991
   6.981
  10.011
   9.121
   6.892
  10.122
  11.074
  10.754
  11.238
  10.883
  10.088
   6.908
   9.396
  10.749
   7.699
   7.810
  11.462
  11.640
  10.171
   7.800
   9.982
  11.779
  10.273
  10.099
  10.599
  11.277
   8.833
  11.050
  10.575
  10.262
  11.731
  11.518
  11.745
   8.622
   9.206
   8.445
  11.245
  10.187
  11.568
   8.512
   8.007
  11.268
  10.575
   7.871
  10.309
   5.706
   6.166
   8.939
  10.953
  11.194
  10.949
  11.600
  10.030
   8.031
  11.309
  11.685
   8.666
   9.694
   4.907
   6.278
   9.237
  10.144
  10.129
   9.261
   8.786
  10.323
   7.799
   4.827
   7.779
   8.828
   6.233
   6.468
  10.165
  10.909
  11.748
   6.028
   7.676
   9.693
  10.696
  11.873
  11.210
  11.306
   7.837
   9.979
  11.635
   8.928
   7.647
  11.487
  11.095
   5.789
   6.820
   8.857
  10.445
  11.695
  11.388
   9.260
  11.693
  10.951
   5.379
   5.960
   8.520
  10.417
  11.118
   9.933
  11.681
   7.972
   7.894
  10.934
   9.414
   6.740
   9.842
  10.507
  10.322
   5.102
   6.064
   9.026
  10.311
   9.952
  11.467
   8.957
   7.183
  10.389
  10.008
   6.702
   8.497
  11.577
  10.696
   9.323
  11.100
  11.424
   5.333
   7.168
   9.709
  11.850
  11.955
  10.569
  10.588
  11.627
  10.785
  11.609
   5.606
   7.233
  10.906
  11.930
   9.654
  10.387
  10.069
  11.066
   5.389
   8.376
   8.636
  11.280
  10.386
  11.580
   9.510
   6.288
   8.931
  10.377
   7.741
   6.918
  10.730
  11.210
   9.288
  11.158
  11.959
   8.240
   8.078
  11.576
  11.810
   8.923
  10.847
  10.972
   9.071
  11.379
  11.771
   8.870
  11.583
   9.896
   9.366
   8.534
  11.825
  11.546
   9.819
  11.787
  10.562
  10.524
   8.827
   8.724
   7.862
  10.674
   9.458
   7.028
   9.907
  10.973
  10.609
  11.880
   5.677
   9.277
   9.451
   7.499
   9.367
  11.692
   8.705
   9.738
   7.122
   7.471
  11.137
  11.446
   9.950
  11.281
   9.260
   9.691
  11.136
   8.718
   7.461
   6.902
  10.396
  11.861
  11.087
  11.172
   8.868
  11.105
  11.138
   7.481
   8.415
  11.669
  10.634
   8.920
   5.524
   6.280
   8.829
  10.106
  10.582
  10.131
  11.818
   9.414
   8.754
   9.669
  11.836
   4.829
   6.018
   8.394
   9.598
  10.357
   8.880
   9.437
  11.056
   8.342
   6.267
   9.848
  10.745
   8.432
   9.531
   9.661
  11.439
   9.450
   9.256
   5.306
   6.100
   8.428
   9.972
  10.878
  10.427
  11.312
  11.445
   9.435
  11.906
  10.035
  10.911
   4.924
   5.670
   8.229
   9.631
   9.990
  11.466
  11.843
   8.495
  10.553
  10.633
   9.830
  11.921
  11.946
   5.180
   6.090
   8.720
   9.829
  10.212
   9.686
   9.077
  10.231
   8.760
   5.035
   6.853
   9.215
   7.305
   6.642
  10.261
  11.539
  10.725
  11.699
   9.887
   8.958
  10.208
   5.165
   6.455
   8.781
   9.873
  10.720
  11.038
   9.192
  10.882
  10.724
   7.071
   7.239
  10.561
   9.655
   7.725
  10.814
  10.532
  10.586
   7.106
   7.372
  10.664
   9.940
   7.730
  10.563
  11.974
   5.165
   6.267
   8.566
   9.872
  10.693
  11.247
   9.942
   9.011
  10.180
  11.251
  10.255
  10.965
  10.072
   4.828
   5.803
   8.289
   9.634
   9.968
  11.490
   9.747
  11.041
  11.355
   7.717
   7.276
  10.160
   9.634
   6.770
   9.003
  11.263
  11.121
  11.677
  10.461
   5.077
   6.116
   8.714
   9.793
  10.183
   8.792
   8.839
   9.677
   6.712
   4.505
   7.391
   8.137
   5.642
   6.458
   9.917
  10.320
   9.898
  10.009
   9.109
  11.608
  10.526
   7.001
   9.187
  11.625
   9.615
   8.789
  11.727
   5.037
   6.227
   8.473
   9.732
   9.716
  10.335
   9.629
   7.308
  10.622
  11.894
   9.471
   9.836
  10.658
  10.990
  10.712
   7.759
  10.821
   9.338
   9.671
  11.384
   5.114
   5.843
   8.232
   8.006
   9.990
  11.719
   8.952
   8.042
  11.767
  10.456
  11.988
  11.273
  11.939
   5.014
   5.694
   4.530
   6.338
   8.072
   5.795
   5.162
   8.911
   9.926
   8.968
  10.555
  10.764
  11.323
   9.806
  10.782
   5.134
   6.149
   6.424
   9.433
   8.259
   5.994
   9.439
  11.667
  10.797
  11.095
   9.156
  10.888
  11.669
   8.350
   7.445
  10.909
  10.548
   7.551
  10.124
  11.977
  11.983
   9.874
  11.480
  10.816
   7.793
   9.332
  11.060
   9.516
  11.085
  10.907
   9.864
   9.606
   9.430
   7.931
  10.789
  10.737
   8.385
  10.961
   9.855
   9.641
  11.520
  10.662
   7.520
   8.834
   8.574
   8.612
   8.830
   8.381
  11.336
  10.337
   8.782
  10.021
  11.423
   8.101
   9.036
   7.942
  11.344
  11.651
  11.839
  11.048
   5.397
   6.287
   9.001
  10.191
  10.886
  10.495
  10.535
  11.113
  10.901
  11.765
   4.956
   6.539
   8.837
  10.215
  10.885
  11.749
  11.435
  10.827
   7.611
  10.018
  11.191
   8.107
   7.974
  11.768
  11.516
   5.483
   6.429
   8.887
  10.224
  10.820
   9.787
  11.923
  11.409
  10.628
  11.757
  11.478
   9.292
   9.939
  10.778
  11.947
   5.002
   6.031
   8.361
   9.702
  10.615
  11.739
  11.891
  10.187
  11.435
  11.191
  10.973
  11.245
   5.670
   6.329
   8.706
  10.331
  11.105
  10.578
  11.904
   8.151
   8.484
  10.947
   9.305
   6.749
  10.084
  11.791
   9.654
  10.586
   5.167
   5.989
   8.606
   9.987
  10.437
  10.006
  11.475
   8.781
   7.513
  10.467
  10.147
   7.033
   9.314
  10.797
  10.679
   5.127
   6.289
   8.832
   9.977
  10.578
  10.962
  11.123
  10.333
  10.708
  10.954
  11.218
   5.179
   6.490
   8.850
  10.019
  10.950
  11.199
   8.732
  11.796
   9.323
   9.736
  10.859
   5.123
   6.252
   8.626
  10.055
  10.726
  11.517
   9.732
  10.872
   8.609
   5.493
   8.139
   9.370
   6.586
   6.330
  10.028
  10.294
   8.852
  11.356
   5.088
   6.129
   8.724
   9.999
  10.334
  10.639
  11.337
   7.734
   9.850
   9.846
   8.344
  11.096
   5.114
   6.313
   8.718
  10.408
  10.490
  11.678
   8.650
  11.699
  11.637
  11.174
   5.261
   6.221
   8.318
   9.387
   6.911
   9.533
   8.285
   5.683
   9.066
  11.172
   9.719
   9.913
   5.244
   5.454
   7.257
   6.234
   9.140
   9.107
   5.835
   7.809
  10.946
  10.204
   9.110
   6.354
   9.428
   9.083
   9.493
  11.594
   9.147
   8.262
  11.937
   9.908
   5.282
   9.092
  10.261
   8.591
  10.496
   9.134
  11.098
   9.015
   9.520
   8.976
   8.060
   7.866
  11.038
   5.167
   6.350
   8.847
   9.989
  10.393
   5.127
   6.307
   8.601
   9.695
  10.924
   4.870
   5.855
   8.145
   9.802
  10.267
  11.962
   5.134
   5.848
   8.645
   9.751
  10.300
   4.910
   6.315
   8.600
   9.814
  10.677
   5.385
   6.251
   8.725
  10.114
  10.766
   4.921
   6.161
   8.715
   9.778
  10.122
   5.147
   6.394
   8.742
   9.771
  10.895
   5.025
   6.219
   8.499
   9.945
  10.886
  10.876
  11.476
   5.104
   5.996
   8.677
  10.117
  11.438
   9.329
  10.567
   4.846
   6.246
   8.823
  11.338
   9.424
  11.542
   9.440
  11.215
   5.317
   6.574
   8.550
   6.248
   9.589
  11.490
   9.470
  10.015
  11.949
  11.946
  11.625
   8.719
  11.583
   5.248
   7.825
   7.285
  10.813
  10.819
   9.922
   9.571
  10.824
   8.285
   5.422
   8.220
  10.260
  11.304
   8.732
   8.500
  10.419
  10.271
  11.116
  11.353
   9.473
   7.885
   9.920
   8.734
   4.956
   6.743
   9.925
   5.488
   9.089
   9.112
   6.617
   9.043
  11.925
  11.595
  11.548
  11.695
   8.001
   7.516
  10.457
   9.376
   6.308
   9.120
   7.523
   7.836
   7.034
   9.656
  11.847
  11.915
  11.938
  10.684
   9.034
   5.441
   6.473
   8.615
   6.720
   5.013
   8.704
  11.122
   5.548
   6.182
   8.711
  10.095
  10.812
  10.455
   8.551
   5.221
   7.758
   9.726
   7.880
   7.443
  11.103
   4.773
   5.945
   8.401
   9.722
  10.384
   8.686
  10.421
  10.755
   9.251
   5.315
   6.266
   8.743
  10.101
  10.681
  10.430
   4.935
   6.064
   8.536
   9.703
  10.322
  11.979
   9.068
  11.664
   5.276
   6.296
   8.682
   9.977
  10.804
   9.434
  10.870
  11.611
   5.143
   6.152
   8.599
   9.984
  10.726
   5.050
   6.086
   8.621
   9.858
  10.295
   5.028
   6.196
   8.659
   9.771
  10.467
   5.202
   6.402
   8.759
  10.073
  11.000
   9.640
  10.789
  11.307
   5.106
   6.125
   8.597
   9.991
  10.223
  11.640
  11.227
   9.952
   4.951
   5.988
   8.534
   9.611
  11.603
  10.699
   5.265
   6.399
   8.619
  11.358
   9.311
   7.772
   9.384
  11.501
   5.234
   5.888
   9.685
  10.742
   7.748
   6.431
   5.727
   8.682
  10.222
   4.975
   8.300
  10.439
  11.827
  10.558
   8.634
   8.258
   8.987
   8.410
  11.246
  11.907
  10.415
   8.819
   9.429
  11.875
  10.047
  11.741
   9.381
   7.843
   5.469
   6.650
   9.203
   8.107
   6.209
   5.254
   4.977
   7.661
  11.108
   5.085
   6.587
   7.048
  10.514
   8.342
  10.098
   9.938
  10.010
  10.320
  10.886
  11.168
   8.718
   9.205
  10.234
  10.598
  10.264
   7.246
   8.089
   9.628
  11.271
  10.884
  10.316
   5.155
   6.153
   8.590
  10.090
  10.610
  11.151
   9.913
   8.986
  11.755
  11.482
   5.342
   6.315
   8.948
  10.162
  10.568
  11.625
  10.846
  11.166
   4.841
   6.243
   8.663
   9.612
  10.545
  11.726
  10.358
   8.601
  11.270
  11.112
   7.707
   9.079
   5.224
   6.273
   8.507
  10.009
  10.900
  10.570
  10.407
  11.571
   9.248
   6.291
   8.642
   9.647
   6.757
   6.808
  10.213
  10.516
   9.016
  10.189
  11.151
   5.101
   5.993
   8.628
   9.982
  10.769
  11.433
  11.405
  11.582
   8.639
  11.451
  10.405
  10.334
  10.926
  10.263
  11.661
  11.721
   5.001
   6.251
   8.760
  10.066
  10.356
   9.700
  10.919
  10.411
   8.606
  10.470
  11.702
   5.158
   6.359
   8.871
   9.820
  10.534
  11.049
   9.782
  11.173
   9.900
   6.156
   7.221
   9.169
   6.912
   5.246
   8.993
   9.956
   8.442
   9.898
  11.070
  11.109
  10.616
  11.200
   5.246
   6.579
   8.796
  10.177
  11.117
  11.990
   9.559
  11.252
  11.278
   7.574
   7.037
  10.061
   9.150
   6.454
   9.553
  11.771
  10.664
  10.851
   9.803
  11.862
  11.876
   8.217
   8.146
  11.367
  10.671
   7.711
   9.968
  11.681
   5.307
   6.169
   8.630
  10.122
  10.850
   9.989
   9.088
   9.706
  11.637
   9.709
  11.426
  11.496
   9.632
  11.810
  11.884
   4.854
   5.864
   8.388
   9.802
  10.136
  11.922
  10.188
  11.119
  11.879
   8.540
   7.288
  10.236
   9.788
   6.576
   8.425
  11.321
  10.006
   9.352
  11.009
   5.347
   6.307
   8.799
  10.016
  10.778
   9.235
   8.884
  10.005
   7.422
   4.669
   7.444
   8.231
   5.362
   5.810
   9.319
   9.330
   8.498
  11.532
  11.300
   9.578
  11.985
  11.799
   8.103
   8.496
  11.968
  11.420
   9.161
  11.869
   5.310
   6.312
   8.581
  10.074
   9.899
   9.893
  10.066
   7.158
  10.358
  11.790
   9.153
   9.119
  11.633
  11.838
  10.814
  11.244
   7.481
   8.416
  11.052
   9.364
   7.112
  10.524
  10.596
  11.799
   5.285
   5.977
   8.524
   8.295
   9.746
  11.870
   9.459
   7.847
  11.582
  10.008
  11.288
  11.297
  11.938
   9.982
   5.104
   6.082
   4.719
   6.262
   8.158
   6.037
   5.048
   8.819
   9.695
   8.404
  10.102
  11.682
  10.260
   5.169
   5.658
   5.385
   8.598
   7.915
   5.545
   8.866
  11.089
  10.113
  10.511
  10.456
   9.348
  11.729
  10.637
   7.006
   8.969
  11.419
   9.386
   8.819
   7.600
   8.532
  11.879
  11.063
   9.173
  11.764
  11.318
   7.994
  10.359
  11.651
   8.575
   8.676
   8.183
  10.960
  10.049
   9.531
  11.483
  11.453
   8.538
   8.971
   8.639
  11.497
  11.201
  11.815
  10.020
   5.406
   6.266
   8.923
  10.031
  10.526
   4.866
   6.460
   8.799
   9.826
  10.639
  11.372
  10.612
  10.916
  10.981
   5.309
   6.494
   8.807
  10.227
  11.134
   4.770
   5.931
   8.404
   9.667
  10.005
  11.891
   5.216
   6.131
   8.633
   9.683
  10.408
  11.438
  10.599
   9.208
   9.948
  11.344
   5.309
   6.340
   8.561
   9.939
  11.269
  10.963
  11.601
   9.560
  11.773
   5.341
   6.117
   8.724
  10.413
  10.507
   4.669
   5.974
   8.740
   9.425
  10.265
  10.480
  11.476
  11.177
   5.028
   6.696
   8.763
  10.143
  10.932
  11.595
   9.726
  10.235
   9.803
   6.932
   9.738
  11.322
   8.769
   8.298
  11.706
   5.411
   6.267
   8.847
  10.104
  10.207
  10.209
  10.671
  11.955
   9.039
  11.718
  11.347
   4.935
   6.246
   8.689
  10.085
  10.804
  10.879
   5.357
   6.326
   8.113
   9.753
   7.501
   9.754
  11.763
   9.435
   8.119
  11.770
  11.007
  11.944
   5.063
   5.014
   7.241
   5.760
   7.511
  10.438
   9.344
   7.838
  11.067
   6.087
   9.489
   9.124
  11.074
  11.574
   9.371
   9.224
   6.282
   9.604
  11.691
  10.630
  10.897
   7.698
  10.516
  10.671
  10.501
   7.804
   8.580
   9.559
  11.803
  11.632
   5.162
   5.872
   8.551
   9.845
  10.234
  11.879
  10.928
  11.201
   4.993
   6.067
   8.412
   9.732
  10.489
  11.927
  10.450
  11.429
   9.581
   7.855
  11.057
  10.870
   8.766
  10.476
   5.509
   6.172
   8.496
  10.155
  10.718
   9.990
   9.668
  11.231
   8.914
   5.854
   8.610
   9.375
   6.910
   7.357
   8.945
   5.206
   5.901
   8.491
   9.919
  10.681
  10.981
  10.828
  11.551
   8.457
  11.422
  10.569
  10.203
  10.728
   5.080
   6.018
   8.318
   9.980
  10.671
  11.782
   8.955
  10.074
  10.557
   8.535
  11.850
   5.297
   5.888
   8.516
  10.003
  10.399
  10.520
   8.803
  10.110
   9.211
   5.388
   6.414
   8.964
   7.193
   5.517
   9.245
  10.788
  10.201
  10.553
  10.825
   5.206
   6.192
   8.645
   9.943
  10.643
  11.815
   8.992
  10.347
  10.803
   7.252
   6.394
   9.691
   9.163
   6.351
   9.221
  11.806
  10.925
   9.890
   9.005
  11.501
   5.468
   6.326
   8.666
  10.084
  10.871
   9.706
   9.165
   9.325
   9.899
   5.166
   6.045
   8.572
   9.882
  10.613
  10.457
  11.172
   8.939
   7.134
  10.168
  10.317
   7.096
   8.513
  11.902
  11.297
  10.145
   5.116
   6.230
   8.778
   9.973
  10.253
   8.849
   8.412
   9.713
   7.237
   4.190
   6.826
   7.970
   5.317
   5.583
   9.187
   9.718
   8.755
  11.393
   5.000
   6.342
   8.802
   9.598
   9.621
   9.528
  11.954
  10.139
   6.777
   9.321
  11.372
   8.994
   8.231
  11.962
  11.221
   4.984
   6.389
   8.561
   8.491
   9.887
  10.131
   7.792
  11.220
  10.550
  10.988
   5.105
   6.079
   4.875
   6.482
   8.656
   6.758
   5.067
   8.714
  10.294
   9.003
   9.993
   4.748
   5.641
   5.694
   9.047
   8.543
   5.799
   8.370
  11.178
  10.376
   9.994
   7.577
   8.937
  11.635
   9.303
   8.205
  11.120
  10.506
   9.427
   8.697
   9.361
   8.352
  10.633
   5.929
   6.134
   8.681
  10.427
  10.915
   4.770
   5.781
   8.350
   9.596
   9.930
  11.649
   5.426
   6.390
   8.811
  10.026
  10.747
   5.100
   6.169
   8.484
   9.885
  10.721
   5.139
   5.968
   8.452
   9.869
  10.379
   4.935
   5.877
   8.412
   9.600
  10.562
   5.243
   6.288
   8.728
  10.218
  11.542
   5.173
   6.224
   8.896
  10.524
  11.817
   4.911
   6.430
   9.190
  10.543
   9.981
   8.908
  11.394
   5.311
   7.145
   9.753
   9.869
   9.484
   5.644
   7.707
   9.117
  10.060
   5.856
   6.171
   6.924
  10.489
   4.675
   5.182
   8.425
  11.271
   8.133
  11.422
  10.874
  10.775
  10.349
  10.415
   9.992
  10.325
  10.585
   9.677
  10.108
   9.981
  10.776
   9.658
   9.890
   7.766
   9.877
  11.749
  10.545
   8.587
   7.329
   8.341
  11.384
   8.963
   9.493
  11.731
   9.793
   6.845
   9.310
   5.640
   6.741
   8.819
  10.353
  11.159
  11.328
  11.810
  11.745
   8.316
   7.287
   9.725
   8.933
   5.434
   6.546
  10.107
   4.815
   5.844
   8.450
   9.502
  10.092
   8.837
   8.610
   9.321
   6.629
   4.169
   7.023
   7.672
   5.046
   5.169
   7.936
  10.241
   5.034
   6.190
   8.533
   9.756
   9.906
  10.415
   9.587
   7.127
  10.330
  11.410
   8.723
   8.213
  10.408
  11.656
   5.167
   6.124
   8.600
   8.538
  10.405
  11.580
   8.728
   7.768
  11.467
  11.797
   9.463
  10.420
   4.999
   6.138
   4.984
   6.777
   7.902
   5.510
   4.908
   8.694
   9.348
   8.154
   9.555
  11.919
   4.946
   5.823
   6.571
   9.260
   8.079
   5.866
   9.309
  11.268
  10.159
  10.198
  11.558
   7.713
   9.741
  10.842
   9.366
   8.704
  10.654
   9.403
   9.289
   8.992
   9.107
   8.531
  11.512
   5.678
   6.272
   8.939
  10.184
  10.833
   4.895
   6.166
   8.530
   9.875
  10.684
  11.226
   5.445
   6.232
   8.656
  10.532
  11.563
   4.912
   5.943
   8.604
  10.784
   5.287
   6.155
   7.822
  10.899
   5.827
   6.197
   9.752
   8.044
  11.822
  10.500
  10.299
  10.622
  10.823
  10.038
  10.387
  10.790
  10.893
  10.908
  10.889
  10.944
  10.628
  10.485
  11.233
  11.719
  10.357
  10.487
   8.008
  10.009
  11.068
  11.660
   8.319
   6.472
   7.562
  10.743
  11.339
  11.089
  10.264
   9.771
  11.364
  11.646
   5.359
   6.555
   8.787
  10.071
  10.935
  11.813
  10.073
  11.687
   5.151
   6.211
   8.687
  10.039
  10.822
  11.937
   9.112
  10.447
   5.077
   6.146
   8.626
   9.944
  10.414
   9.705
   4.975
   6.013
   8.467
   9.646
  10.905
  10.591
  11.530
   9.006
   7.236
  10.284
   5.324
   6.363
   8.783
  10.464
  10.608
   9.023
   8.805
   9.768
   7.218
   4.242
   6.770
   9.449
   5.196
   6.202
   8.975
   9.718
   9.540
   9.644
  11.805
   9.869
   6.584
   9.036
   4.938
   6.569
   8.615
   8.400
   9.992
   9.724
   7.613
  11.019
   5.542
   6.324
   4.882
   6.741
   8.454
   6.291
   4.965
   8.646
  11.743
   4.674
   5.134
   5.386
   8.492
   7.849
   5.344
   7.873
  11.544
   7.407
   8.779
  11.979
  11.123
   8.948
  11.690
   8.421
  11.159
  10.448
   9.608
   8.597
   9.150
   8.396
  10.580
   5.606
   6.058
   8.579
  11.332
   4.992
   5.816
   8.650
   5.682
   6.864
  10.444
   7.219
  10.828
  10.403
  10.614
  10.686
  10.379
  10.539
   9.855
   9.170
  10.101
  10.612
  10.779
  10.523
  10.544
  10.507
  10.407
  10.462
  10.693
  10.822
  10.769
   9.761
  10.151
  10.863
