  10.784
  10.647
  10.596
  10.761
  10.358
   9.807
   9.982
  10.483
  10.643
   9.916
  10.225
  10.662
  10.588
  10.061
  10.584
  10.412
   9.725
  10.133
  10.212
  10.458
  10.524
  10.652
  10.186
  10.527
  10.631
  10.803
  10.436
  10.212
  10.771
  10.767
  10.536
  10.559
  10.800
   9.874
  10.386
  10.769
  10.591
  10.683
  10.745
  10.764
  10.777
  10.175
   9.725
  10.364
   9.787
  10.107
   9.474
   9.988
  10.610
  10.808
  10.837
  10.881
  10.837
  10.805
  10.562
  10.636
  10.765
  10.597
  10.570
  10.722
  10.829
  10.858
   9.886
  10.463
  10.837
  10.142
  10.474
  10.830
  10.724
  10.625
  10.741
  10.419
  10.470
  10.798
  10.205
  10.199
   9.595
  10.374
   9.643
  10.059
  10.658
  10.518
  10.670
  11.745
  10.584
  11.173
  10.905
  11.827
  11.241
   8.653
   7.412
   8.541
  11.669
  11.983
  11.976
   9.007
  11.024
  11.871
  11.777
  11.746
  11.082
  11.446
   5.636
   6.849
   9.121
  10.153
  11.045
  10.340
  11.799
  11.010
  11.904
  11.480
  11.201
   8.069
  10.568
  11.939
   8.983
   8.610
  10.429
   4.897
   6.357
   8.663
   9.649
  10.809
  11.401
  11.249
   8.713
   9.165
  11.313
   9.077
   6.684
  10.099
  11.437
   9.140
   9.862
   5.133
   6.416
   8.780
  10.098
  10.625
  11.712
  11.214
  11.541
  10.660
  11.995
  10.287
   9.985
  11.498
   8.621
  11.838
   9.912
  11.246
  11.947
   8.464
   7.603
  10.590
   9.658
   6.659
   9.358
  11.861
  10.384
  10.036
   4.695
   6.104
   8.667
   9.484
  10.165
   8.801
   9.558
  10.416
   8.106
  11.637
  10.875
  10.805
  11.543
  11.869
  11.071
  11.851
  11.264
  10.282
   4.905
   6.493
   8.722
   9.851
  10.880
  11.620
  11.309
  11.566
  10.933
  11.762
  11.155
  11.827
  10.985
   5.206
   6.260
   8.671
  10.098
  10.881
  11.998
  11.560
  11.307
   8.406
  11.272
   9.025
   9.595
  10.426
   4.908
   6.007
   8.576
   9.778
  10.215
  11.897
  10.514
   9.591
  11.462
   7.906
   9.646
  11.675
  10.392
   9.978
  11.721
  11.750
  11.001
  11.831
   5.243
   6.386
   8.846
   9.983
  10.582
  11.195
  11.704
   9.558
   9.818
  11.514
   9.336
  11.748
   8.770
   9.126
  10.623
   5.238
   6.443
   8.769
  10.050
  11.330
  10.096
   7.732
   8.803
   8.458
  11.999
  11.450
   9.032
  11.598
  11.383
  11.819
  11.477
   5.161
   6.170
   8.580
  10.405
  10.383
  11.555
   8.355
  10.034
  10.960
  11.031
  10.435
   9.699
  10.584
  10.982
   4.945
   5.893
   8.676
   9.818
  11.346
   9.673
  11.432
  10.205
  10.968
   9.214
  11.026
   8.208
  10.349
  11.121
   8.073
   6.403
   9.895
  10.822
   8.559
   9.921
   5.231
   6.509
   8.340
  10.684
  10.260
  11.135
   8.795
   7.052
  10.075
   9.813
  10.423
   8.620
   9.491
  10.602
   8.555
  11.940
  11.268
   9.625
  11.435
  11.921
   9.949
   9.986
  11.323
   9.090
  11.825
   5.718
   5.626
   8.547
  10.663
  11.185
  10.811
  11.516
  11.622
  11.964
   8.494
   8.506
  10.280
   8.035
   5.148
   8.431
   9.631
  11.116
  10.731
  10.997
  11.329
  10.129
  10.886
   5.518
   6.643
   9.726
  10.929
   9.929
  10.342
  11.597
  10.902
  11.271
  11.567
   8.842
  10.955
  10.535
  11.540
   8.929
   6.585
   9.993
  11.382
   8.947
   8.542
   6.584
   8.649
  10.978
  11.124
  11.367
  10.632
  11.586
   9.960
  10.536
  10.428
  10.167
   9.017
   8.842
  11.731
  10.255
   7.500
  10.715
  10.251
  10.081
  11.672
   9.152
  10.761
   9.291
   5.937
   8.484
  10.963
   9.475
   7.879
  11.028
   6.052
   8.073
   9.231
  10.457
  11.277
  10.467
  10.691
   7.199
   9.397
  11.634
   9.286
   8.415
  10.136
  10.835
  10.151
   7.743
  11.199
  11.934
   9.076
  10.792
  11.018
   8.459
  11.674
   9.200
   8.844
  11.917
   9.531
  10.794
   9.195
  11.800
  11.676
   5.676
   5.817
   7.729
  11.425
   9.521
   9.715
   9.817
  11.858
  11.077
   9.031
  11.115
  10.519
   6.778
   7.666
  10.846
   9.652
   7.891
  11.400
  10.347
  11.152
  11.531
  10.181
   5.197
   5.132
   8.562
  10.903
  10.363
  11.813
  10.970
  11.082
  10.010
  11.230
  11.677
  11.080
  10.269
  10.865
  11.592
   8.327
  11.107
   9.917
   8.590
  11.770
   6.879
  10.211
  11.860
  10.467
  11.084
   9.915
   8.892
  11.839
   8.941
  11.054
   9.389
  10.821
  10.640
  11.171
   8.693
   8.032
  11.872
  10.175
  11.559
  11.535
  11.933
  10.143
  11.545
   9.816
  11.831
   8.289
   8.961
  11.409
   9.533
   6.848
  10.211
  11.972
   9.922
  10.499
  11.336
  11.092
   9.299
  10.264
  11.584
   8.835
   6.584
   9.975
  10.659
   8.077
   9.185
  11.979
  11.278
  11.622
  11.401
  10.631
   9.174
   8.322
  10.338
   9.025
   5.392
   7.676
   9.998
   8.072
   7.440
  11.160
  11.791
  10.991
   9.387
  10.185
  10.112
  10.673
  11.861
  10.244
   8.513
   9.738
  11.128
   9.349
  10.200
  11.298
  11.639
  10.207
  11.296
  10.760
  10.923
  11.141
  11.071
  11.895
  10.004
  11.896
  11.013
  11.019
  10.774
  10.612
   8.678
   7.443
   9.527
   9.935
  11.519
   8.337
  11.231
  11.775
  11.330
  11.648
   5.491
   8.574
  10.318
  11.909
   9.668
  10.919
   8.059
  10.234
  11.354
  11.371
  10.185
  11.513
  10.915
   8.982
   7.779
   7.180
  10.715
  11.231
   5.962
   6.178
   8.787
  10.296
  10.746
   5.080
   6.177
   8.645
   9.951
  10.584
   5.334
   6.312
   8.671
  10.042
  10.804
   4.808
   5.712
   8.219
   9.575
   5.241
   6.126
   8.676
  11.607
   5.162
   6.213
   9.838
   5.082
   7.811
  11.396
   7.117
  10.329
  11.513
  11.137
   8.633
   9.941
  11.342
   9.479
  11.379
  11.110
   8.832
   7.493
   7.716
  10.831
   6.134
   7.091
   9.141
  10.935
   5.266
   5.983
   8.493
  10.633
  10.439
  11.960
  10.756
  10.561
   5.001
   5.798
   8.779
   9.530
  10.212
  11.679
   5.791
   7.149
   8.981
  10.627
  11.493
   6.037
   6.352
   8.920
  10.403
  11.236
  10.888
  11.992
  10.967
   4.811
   6.021
   8.513
   9.874
  10.346
   9.063
  10.704
  10.263
   8.288
  11.900
  10.968
   5.268
   6.338
   8.893
  10.035
  10.644
  11.385
  11.268
   4.879
   6.249
   8.658
   9.808
  10.651
  10.704
   5.313
   6.347
   8.701
  10.103
  10.359
  10.892
   9.618
  11.030
  10.172
   6.876
   9.206
  10.327
   9.313
   5.025
   6.017
   8.562
   9.470
   9.471
  10.121
  11.279
  11.534
   8.074
   8.858
  11.399
   9.365
  11.429
   5.187
   6.317
   8.452
   9.861
  11.023
  10.768
  11.960
   5.191
   5.858
   7.893
   9.771
   7.929
  10.781
  11.347
   9.115
  10.905
   4.687
   4.760
   7.327
   6.046
   8.120
   9.594
   7.422
   8.022
  11.615
  11.990
  11.090
  11.444
  10.309
  10.635
   5.867
   9.375
   9.335
  11.278
  10.925
  10.785
  10.949
   9.181
   9.464
   6.186
   9.286
  11.569
  10.757
  11.310
  11.931
  11.737
  11.077
   6.953
  10.017
   9.381
   8.757
  11.894
  11.356
  11.898
   8.212
   8.056
  10.855
   9.258
   7.879
  11.397
  11.276
   8.719
   9.555
   9.404
  11.650
   9.696
   7.948
  10.500
   9.614
   6.901
   9.764
   9.149
   6.314
   7.423
   9.631
  10.830
  11.842
  10.620
   8.727
   9.888
  10.569
   5.094
   6.364
   8.526
   9.921
  10.600
   9.972
   9.146
  10.818
   8.610
   5.928
   9.393
  10.433
   8.769
  10.335
   7.925
  10.646
   9.046
   9.072
   5.514
   6.190
   8.688
  10.042
  10.702
  11.315
  10.594
  11.471
   8.959
  10.597
   9.948
  10.670
   4.995
   6.015
   8.433
   9.775
  10.490
   9.703
  10.299
  10.763
   9.493
   5.142
   5.996
   8.419
   9.848
  10.483
  11.360
   9.068
  10.447
   9.860
   6.078
   6.631
   9.208
   7.368
   6.497
  10.186
  11.457
  11.462
  10.944
  10.406
   9.101
  11.059
   5.052
   6.001
   8.609
   9.822
  10.418
  11.648
   8.400
   9.765
  10.582
   7.278
   6.172
   9.677
   9.237
   7.429
  10.423
  10.497
  11.340
   8.113
   7.491
  10.929
  10.785
   8.125
  10.179
   5.120
   6.258
   8.663
   9.910
  10.547
   9.389
  11.907
   9.316
   9.368
  10.896
  11.563
  11.258
  10.969
   5.124
   6.195
   8.667
   9.835
  10.780
  10.836
  11.269
   9.414
   7.324
  10.359
  10.419
   7.256
   8.793
  11.969
  11.022
  11.028
   5.039
   6.216
   8.621
  10.017
  10.770
   8.815
   8.189
   9.303
   7.088
   3.997
   6.877
   7.884
   5.395
   6.111
   9.555
   9.807
   9.873
  11.673
   9.768
   9.002
   9.663
  10.104
   5.089
   6.192
   8.803
  10.013
   9.454
   8.670
  11.067
   9.687
   6.360
   9.193
  11.196
   9.065
   8.778
  11.101
   8.818
  10.473
  11.006
   9.507
   4.964
   6.364
   8.818
   8.497
   9.301
  11.781
   9.788
   7.629
  11.236
  10.499
  11.449
   5.277
   6.487
   4.960
   6.284
   8.339
   6.296
   5.109
   8.856
   9.982
   8.884
  10.458
  11.026
   5.151
   5.082
   4.412
   7.751
   7.475
   5.373
   8.282
  10.742
  10.254
  10.575
  10.592
  10.750
  10.799
   7.891
  10.970
  10.488
  11.118
   7.293
   7.795
  11.301
  10.799
   8.953
  10.692
   7.930
  10.903
  10.109
   9.635
   8.470
   8.966
   8.972
  11.485
  10.900
  11.665
  11.120
  11.722
  10.370
   5.297
   6.294
   8.793
  10.113
  10.860
  10.584
  11.671
   4.955
   6.290
   8.814
   9.951
  10.424
  11.136
   9.727
  11.801
  10.663
   6.950
   8.621
  11.248
   9.421
   8.582
  11.994
   5.020
   6.435
   8.850
   9.833
  10.680
   9.741
   8.647
   9.021
  11.562
   9.872
  11.795
   5.055
   6.395
   8.664
   9.870
  10.977
  10.892
  10.693
  11.921
   5.192
   6.155
   8.634
  10.000
  11.031
  10.366
   9.159
   8.255
  11.499
  11.053
   8.193
  10.327
   5.011
   6.175
   8.790
   9.996
  10.324
   8.720
   9.693
  10.962
   8.071
   5.755
   9.125
   9.860
   7.271
   8.181
  11.680
  11.820
  11.397
  11.564
  11.215
  11.018
   5.125
   6.615
   9.166
   9.804
  10.752
   9.984
  11.491
  10.988
   8.805
  11.083
  11.657
   5.073
   6.884
   8.943
  10.075
  11.741
   8.648
  11.265
  10.163
   9.317
  11.808
   5.214
   6.503
   8.968
  10.682
  11.030
   9.524
  10.121
   8.203
   4.920
   7.533
   9.173
   6.755
   6.220
   9.887
  10.887
   9.811
  11.368
  10.937
   4.723
   6.273
   9.099
   9.582
   9.475
  10.438
   9.903
   6.203
   7.721
  10.629
   9.250
   7.469
  10.845
  11.871
  10.223
  11.931
  11.936
   5.214
   7.363
   9.322
   9.322
  11.555
  10.998
   7.947
  10.480
  11.690
  10.798
   5.779
   6.969
   5.839
   8.284
   7.649
   5.431
   8.556
  10.843
   9.895
  10.117
  11.756
   4.895
   5.253
   6.836
   7.700
   5.063
   6.514
   9.759
   9.871
   9.233
  11.791
  10.020
  11.987
   9.572
   9.269
  10.292
  11.463
   7.483
  10.020
  11.246
   8.798
  10.221
   9.174
  10.683
   9.461
  11.330
  11.289
   8.842
   8.205
   9.058
  11.845
   9.817
   9.375
  11.766
  10.600
   7.483
   9.317
   5.973
   7.690
   9.534
  10.602
  11.690
  10.165
   8.320
  11.001
  11.069
   7.889
   8.045
  11.673
  11.592
  11.253
   5.429
   6.528
   8.733
  10.085
  10.911
   9.595
   9.152
  10.075
   7.539
   4.792
   7.505
   8.476
   6.068
   5.202
   8.898
   8.786
   7.692
  11.376
  11.262
   9.477
   5.069
   5.986
   8.448
   9.722
  10.595
  10.232
   9.720
  11.878
   9.992
   6.873
   9.878
  11.758
   9.786
   8.098
  11.294
   9.939
   8.286
  11.722
  10.442
   9.189
   5.060
   5.901
   8.296
   9.852
  10.577
  11.880
  11.647
   8.500
   9.423
  11.698
   9.356
   7.486
  11.185
  10.802
  10.314
  11.115
  10.607
   5.088
   5.977
   8.625
  10.051
  10.337
  11.942
  10.598
   8.705
   9.926
   8.680
   4.972
   5.870
   8.078
   6.111
   4.744
   8.500
   9.915
   9.322
   9.100
   9.670
  11.148
   8.155
  11.076
  11.482
  11.296
   5.127
   6.368
   8.913
   9.980
  10.520
  11.619
   8.646
   9.878
  10.038
   6.614
   5.460
   8.658
   8.154
   5.463
   8.422
  11.097
  10.810
   9.220
  11.833
  10.888
   7.635
   9.849
   7.861
   5.407
   8.934
  10.354
   8.556
   9.433
   5.137
   6.344
   8.516
   9.765
  10.715
  11.973
   9.285
  11.726
  11.992
   8.386
   8.445
  11.907
  11.113
   8.923
  10.996
  10.505
   8.644
  10.243
  11.593
   5.334
   5.992
   8.425
   9.932
  10.838
  10.417
  11.056
  11.895
   8.763
   6.921
   9.910
   9.677
   6.286
   7.925
  11.131
  10.212
   9.379
  10.102
  11.147
  11.380
   5.133
   5.973
   8.558
  10.004
  10.354
   8.750
   8.247
   9.439
   7.185
   4.068
   6.782
   7.713
   4.997
   5.397
   8.982
   9.389
   8.627
  11.303
  11.847
  10.650
   7.596
   9.946
  10.853
   7.763
   7.674
  11.260
  10.719
   9.224
   5.035
   6.165
   8.808
   9.757
   9.556
   9.308
  11.673
  10.027
   6.762
   9.513
  11.272
   8.756
   8.253
  11.182
  10.226
   8.349
  10.921
  10.532
   7.038
   8.574
  11.405
   9.725
   9.049
   5.039
   6.502
   8.783
   8.493
   9.769
   9.937
   7.800
  11.369
  10.148
  10.922
  11.954
  10.621
  11.667
  11.075
   5.237
   6.384
   4.917
   6.549
   8.524
   6.467
   5.130
   8.889
  10.154
   8.618
  10.023
  10.687
  10.478
  11.853
   9.365
   4.876
   5.294
   5.107
   8.353
   7.894
   5.460
   8.304
  10.867
   9.896
   9.949
  11.209
  11.796
   8.092
   8.228
  10.470
   8.313
   6.038
   9.693
  10.991
   9.219
  10.060
   7.349
   8.357
  11.737
  11.097
   9.040
  10.385
  11.496
  10.321
   8.843
  10.434
   7.994
  10.862
  10.162
   9.455
  10.442
  11.631
   8.399
   9.049
   8.492
  10.899
  11.672
  10.769
   7.768
  10.449
  11.482
   8.481
   8.458
   5.515
   6.109
   8.702
  10.405
  10.671
  11.101
  11.953
   8.457
  10.869
  10.778
   9.791
   4.859
   6.024
   8.752
   9.694
  10.167
   9.904
   7.938
   9.875
   9.019
   5.274
   7.266
   9.856
   8.439
   7.218
  10.836
  10.704
  11.140
  11.753
   5.185
   6.686
   8.863
  10.067
  10.981
   9.168
  11.387
  11.669
   8.042
   8.786
  11.389
   9.208
  11.223
  10.818
   5.358
   6.314
   8.694
  10.097
  10.886
   9.897
   9.797
  11.543
   5.005
   6.024
   8.528
   9.818
  10.428
   9.462
  10.419
  11.513
   8.556
   6.773
  10.179
  10.050
   7.347
   9.812
  11.540
  11.935
   5.210
   6.195
   8.681
   9.886
  10.731
   8.894
   8.538
  10.305
   8.404
   5.214
   8.356
   9.622
   7.190
   8.229
  11.603
  11.068
  11.982
   9.412
  10.582
  11.210
   8.938
   5.145
   6.277
   8.714
   9.966
  10.488
  10.264
  10.407
  11.373
   8.490
  11.785
  10.922
  11.866
  11.329
   5.137
   6.319
   8.841
   9.946
  11.099
  11.530
  11.670
   8.440
   9.944
  10.365
   8.655
  11.450
   4.943
   6.418
   8.765
  10.355
   9.761
  11.625
   8.634
   9.534
   8.731
   4.907
   6.189
   8.809
   7.464
   5.978
   9.586
  10.930
  10.038
  11.762
   9.406
  11.834
  10.759
  10.692
   5.064
   6.174
   8.894
   9.251
  10.613
   9.476
  10.181
  10.740
   7.246
   6.974
  10.474
  10.210
   7.834
  10.793
  11.189
   8.905
  11.945
   9.427
  10.556
  11.441
   5.001
   6.425
   7.817
  10.301
   9.848
  11.833
   8.899
   9.895
  10.942
   5.793
   5.235
   8.055
   8.891
   6.420
   9.048
   9.253
   6.355
   8.389
  11.457
  11.036
  10.426
  11.908
  11.515
  11.098
   4.617
   5.587
   7.488
   5.560
   7.206
   8.881
   6.624
   7.054
  10.605
  11.403
  10.460
  10.566
   8.866
   8.948
  11.874
  10.332
   7.795
  10.681
  11.262
  10.958
   6.761
   9.799
   8.946
  10.773
  10.284
  10.456
  11.086
  10.018
   8.869
   8.850
  11.754
  11.355
  11.466
   5.385
   8.633
  10.239
   9.080
  10.639
  11.716
   9.029
  11.209
   9.674
   9.472
  11.511
   7.401
  10.203
   9.971
  10.456
  10.731
   9.921
  11.443
   9.418
   5.946
   8.305
   8.994
   6.419
   7.265
  10.204
   8.225
   9.173
  10.441
  11.876
   9.802
  11.372
  10.537
   6.729
   7.221
   8.363
   5.418
   4.308
   6.596
   9.631
   9.017
  11.927
   5.328
   7.098
   9.037
  10.233
  11.211
  11.936
  10.048
   7.865
  10.564
  10.373
   6.933
   7.728
  10.342
   8.457
   6.509
   8.548
  10.472
   8.718
  10.852
   9.937
  10.691
   5.237
   6.432
   8.886
   9.957
  10.765
   9.437
   8.860
   9.563
   7.340
   4.316
   7.010
   7.765
   5.157
   5.209
   8.783
   8.420
   6.492
   9.148
  10.145
   7.268
   9.603
   8.106
   7.712
  11.409
  11.603
   5.029
   6.303
   8.578
   9.705
  10.421
  10.107
   9.452
  11.448
   9.723
   6.628
   9.688
  11.213
   8.912
   8.369
  11.455
   8.620
   9.957
  10.025
   7.019
   7.821
   5.553
   6.832
  10.228
  10.044
   9.423
   5.257
   6.153
   8.594
   9.693
  10.590
   8.772
   9.606
  11.670
   9.211
   7.472
  11.188
  11.871
   9.688
  10.586
  11.037
  10.743
  11.509
   8.959
  10.263
  11.867
   5.008
   6.263
   8.693
   9.877
  10.553
  10.662
   9.564
  10.453
   8.787
   5.173
   6.192
   8.075
   5.790
   4.782
   8.577
   9.348
   8.287
   9.577
  11.707
  11.548
   9.872
   9.829
  11.452
   4.908
   6.257
   8.765
   9.698
  10.121
  11.087
   8.761
  10.037
   9.800
   6.238
   5.289
   8.429
   7.806
   5.651
   8.828
  10.987
  10.311
  10.235
  10.400
  10.723
   7.296
   7.267
  10.528
  10.203
   7.744
  10.438
  11.864
   4.625
   6.242
   8.538
   9.264
  10.398
  11.501
   9.614
  11.727
   8.113
   8.332
  11.716
  10.732
   9.109
   8.465
   9.869
  11.183
   8.879
  11.970
   5.056
   6.351
   8.533
   9.985
  10.436
  11.106
  11.965
   8.415
   7.599
  10.183
   9.197
   5.884
   7.750
  10.733
   9.415
   9.235
  11.847
  11.913
   4.938
   5.944
   8.629
   9.519
  10.175
   9.150
   9.145
   9.670
   6.812
   4.488
   7.177
   7.504
   4.724
   5.268
   8.780
   8.903
   8.737
  11.515
  11.658
  11.452
  10.167
   4.807
   6.176
   8.373
   9.594
  10.022
  10.675
   9.647
   7.150
  10.297
  11.245
   8.531
   8.382
  11.450
  11.069
  11.754
   8.884
  11.533
  10.535
  10.685
   5.256
   5.993
   8.512
   8.719
  10.668
  11.928
   8.896
   7.866
  11.506
  11.782
   9.400
  10.647
   4.846
   5.958
   5.120
   6.949
   8.222
   5.601
   4.887
   8.640
   9.332
   8.077
   9.510
   5.068
   6.189
   6.912
   9.566
   8.092
   5.724
   9.141
  11.103
   9.884
   9.867
  11.883
  11.173
   7.832
   9.827
  10.827
   9.253
   8.711
  10.890
   9.285
   9.095
   9.106
   8.846
   8.228
  11.229
   5.519
   6.206
   8.832
  10.203
  10.823
   4.999
   6.219
   8.651
  10.026
  10.534
   5.283
   6.306
   8.769
  10.164
  10.825
   5.040
   6.121
   8.469
   9.865
  10.315
   5.347
   5.986
   8.365
   9.673
  10.779
   5.391
   6.015
   8.357
  10.060
  10.765
   5.368
   6.010
   8.823
  10.057
  10.354
   4.762
   6.367
   8.835
   9.630
  10.557
   5.189
   6.728
   8.952
  10.216
  10.583
  11.265
   9.421
  10.133
  11.200
   4.964
   6.317
   8.828
   9.687
  11.193
   4.961
   6.344
   8.469
  11.228
  11.631
   5.251
   5.796
   9.362
  10.505
   9.579
   9.780
  11.923
   9.772
   7.990
  11.634
  11.226
   5.059
   7.675
  10.125
   9.980
  10.405
  11.527
   8.634
  11.667
   7.011
   8.988
  10.092
  11.912
   6.128
   6.887
  10.660
  10.299
  11.057
   5.014
   8.387
   9.493
   7.227
  10.684
  10.457
   8.390
  11.414
   8.886
  10.612
   9.593
  11.708
   9.791
   9.550
   6.074
   9.614
  10.636
  10.082
   8.401
  10.589
  10.873
  11.697
   8.605
   8.990
   9.738
  11.151
  10.262
   8.063
   9.014
  11.899
   5.357
   7.050
   8.623
  10.162
  11.641
  11.775
   9.884
   7.392
   9.764
   5.723
   5.845
   8.363
  10.201
  10.610
  11.910
  10.004
   8.763
   9.869
   8.152
   4.697
   7.005
  10.768
  11.765
  10.651
  10.812
   4.664
   5.545
   8.343
   9.381
   9.670
  11.942
  10.451
   9.517
  11.815
  10.363
   7.140
   9.981
  11.474
   5.469
   6.724
   9.031
  10.141
  11.330
   9.424
   9.949
   9.680
   7.652
  11.224
   5.177
   6.402
   8.748
  10.171
  11.044
  11.680
   9.406
  10.394
   9.428
   5.676
   6.545
   8.621
   6.378
   5.142
   8.938
  11.179
  11.902
   4.972
   6.182
   8.800
   9.931
  10.073
  11.919
  11.680
   8.497
   9.380
   9.866
   6.429
   5.396
   8.530
   7.923
   5.524
   8.619
  11.888
   9.266
   8.956
  11.637
  10.381
  10.042
   4.880
   6.430
   8.843
   9.611
  10.329
   9.350
  11.474
   8.492
   8.540
  11.956
  11.056
   9.094
  11.917
  11.717
  11.502
   5.276
   6.650
   8.746
  10.060
  10.881
  11.221
  11.514
   9.516
   7.169
   9.911
   9.845
   6.419
   8.044
  11.234
  10.084
   9.500
   5.155
   5.956
   8.430
   9.677
  11.153
   8.986
   8.265
   9.426
   7.338
   4.043
   6.514
   7.573
   4.884
   5.405
   8.985
   9.181
   8.701
  11.461
  10.332
  10.396
  11.563
  10.295
   8.413
  11.821
  10.610
  10.276
   4.911
   5.777
   8.184
  10.499
   9.683
   9.201
  11.622
  10.138
   6.736
   9.271
  11.171
   8.669
   8.270
  11.182
  10.834
  11.902
   8.873
   7.923
  11.105
  11.394
   8.219
   8.794
  11.462
   5.263
   6.053
   9.085
   8.579
   9.645
  11.977
   9.847
   7.443
  10.916
   9.880
  10.774
  10.884
  10.280
   9.954
  11.349
   4.963
   6.518
   4.962
   6.314
   8.430
   6.510
   4.774
   8.446
   9.927
   8.663
   9.880
   9.842
  10.050
   8.435
  10.668
  11.547
   6.158
   5.631
   4.985
   8.349
   8.068
   5.429
   7.929
  10.701
   9.835
   9.575
  11.861
  11.329
  11.851
   9.046
   6.559
   8.501
   9.419
   6.315
   4.808
   8.559
   9.615
   8.079
   9.161
  11.682
  11.396
  11.506
   7.752
   8.304
  11.861
  11.337
   8.947
  11.731
  10.458
   9.083
  10.527
  10.072
   6.315
   5.794
   8.879
   8.364
   6.130
   8.521
  11.253
  10.521
  10.481
   8.042
  11.149
  10.349
   9.174
  11.641
   9.479
   7.576
  10.358
  10.325
   7.089
   8.248
  11.502
  10.595
   9.189
  11.569
   9.174
   9.479
   9.216
  11.732
  11.555
  11.830
   9.980
   6.848
   8.963
  10.032
   7.000
   6.218
   9.927
  10.085
   7.979
  10.333
   8.575
  11.660
   9.219
  10.143
   5.661
   6.139
   8.607
  10.422
  10.981
  10.673
  11.624
  10.975
   7.841
  10.622
  10.099
   9.241
  11.760
  11.269
  10.271
  11.770
   4.979
   5.936
   8.798
   9.844
   9.881
  11.183
  11.160
   7.535
   8.337
  10.837
   9.154
   6.119
   8.865
  11.503
  10.229
   9.318
  11.754
   9.018
  10.144
  11.322
   9.317
   4.970
   6.574
   8.970
   9.675
  10.711
   9.927
  10.882
   9.904
  11.023
  11.147
   5.234
   6.610
   8.665
  10.138
  11.032
  11.125
  11.296
   5.079
   6.055
   8.683
   9.812
  10.587
  10.415
  11.246
  11.212
  11.169
   8.085
  10.702
  10.805
   9.158
   4.828
   6.144
   8.533
   9.658
  10.563
  10.936
  10.745
   7.681
   9.401
   8.953
  11.842
  10.700
   7.447
   9.774
  11.702
  10.205
  11.981
   5.295
   6.374
   8.865
  10.116
  10.251
  11.384
   9.203
  11.730
  11.048
   5.028
   6.460
   8.991
  10.533
  11.730
   9.177
  10.952
  10.758
   5.013
   6.576
   8.367
   8.601
   5.598
   7.198
   8.802
  11.578
   9.990
   8.197
  11.577
   5.006
   5.228
   6.555
   5.199
   8.416
   9.780
  10.739
   6.828
   9.321
   8.410
  11.059
   8.580
   7.344
   8.928
  11.853
   5.637
   7.931
  10.736
   9.390
  11.137
   8.055
  11.237
  11.769
   8.618
   8.882
   8.056
  10.499
   5.725
   6.409
   8.907
  10.381
  10.915
  11.340
   4.975
   6.007
   8.264
   9.708
  10.540
  11.811
   9.747
  10.573
  10.017
   7.753
  11.279
  11.455
   5.434
   5.866
   8.162
  10.054
  10.599
   9.705
   9.222
  11.783
  10.070
   6.825
   9.692
   8.767
  11.994
  10.683
   9.376
   5.278
   5.668
   8.162
   9.737
  10.538
  10.773
  10.813
   9.878
  11.690
  10.906
   5.391
   5.951
   8.192
  10.088
  10.989
  11.782
  11.049
   8.548
   9.861
  11.287
   9.533
  11.672
   5.493
   5.847
   8.467
  10.210
  10.268
  11.800
   9.807
   8.088
   9.798
   8.966
   5.198
   6.093
   9.312
   8.139
   6.621
   9.940
  10.270
  11.347
   8.502
  11.659
  11.269
  11.824
   5.359
   6.221
   8.898
  10.012
  10.644
  11.289
   8.486
  10.480
  10.964
   7.563
   6.676
  10.355
  10.322
   8.041
  10.345
   9.388
  11.281
   8.763
   6.605
  10.191
  11.058
   8.662
  10.302
   5.321
   6.529
   8.570
  10.058
  10.874
  11.470
   9.212
   9.485
   9.694
  11.461
  10.087
  10.779
   5.383
   5.929
   8.497
   9.861
  10.276
  10.130
  11.200
  11.654
   8.294
   6.961
  10.369
  10.483
   7.767
   9.213
  11.744
  11.294
  11.706
   4.923
   5.967
   8.450
   9.592
  10.340
   8.566
   8.458
   9.241
   6.653
   3.884
   7.201
   8.357
   6.212
   6.620
  10.061
  10.877
  10.425
  11.680
   8.599
  10.890
  11.768
   8.426
   8.552
  11.768
   9.785
   5.278
   6.248
   8.647
  10.110
   9.760
   9.736
  11.715
   9.754
   6.734
   9.873
  11.838
   9.831
   9.258
  11.310
   9.193
  11.507
  11.096
   7.410
   8.779
  11.659
  10.255
   8.978
   4.812
   5.913
   8.499
   8.353
   9.752
  11.872
   9.625
   7.837
  11.535
  11.432
  11.934
  10.915
  11.709
  10.819
   4.975
   6.118
   4.755
   6.484
   8.296
   6.223
   5.340
   8.987
  10.485
   9.730
  10.845
  11.266
  10.780
   9.768
   5.174
   5.495
   5.244
   8.323
   7.750
   5.607
   8.389
  11.103
  10.813
  10.705
  11.766
   8.806
   8.181
  10.808
   9.099
   6.161
   9.211
  10.988
   8.576
   9.326
   7.630
   8.514
  11.809
  11.030
   9.222
  10.883
  11.201
  10.575
   8.417
  11.747
   9.257
  10.651
   8.165
  11.031
  10.167
   9.726
  10.786
  11.295
  11.497
   8.599
   9.083
   8.984
  11.196
   8.982
  10.836
   9.115
   8.278
   5.497
   6.523
   8.746
  10.351
  11.285
  11.696
   9.833
  11.378
  11.423
  10.221
   5.370
   6.190
   8.790
  10.327
  10.819
  11.192
   8.699
  11.275
  10.825
   7.041
   7.911
  10.770
   9.238
   7.880
  11.275
  11.150
   4.956
   6.154
   8.709
  10.027
  10.439
  10.048
   9.920
  10.032
  10.887
   5.244
   6.341
   8.638
  10.054
  10.871
  10.624
  11.128
   5.428
   6.158
   8.448
   9.971
  10.802
   9.393
  10.422
  11.892
   8.926
   7.326
  10.981
  11.192
   8.386
  10.206
   5.403
   5.869
   8.296
  10.010
  10.671
   9.103
   8.899
  11.195
   9.255
   6.447
   9.782
  11.179
   8.585
   9.017
  11.766
  11.809
  11.652
   5.477
   6.163
   8.828
  10.300
  10.663
  11.027
   9.844
   5.191
   6.368
   8.899
  10.833
   8.735
  10.365
  11.073
   9.890
   5.019
   6.251
   7.669
   9.365
   8.891
   5.163
   6.644
   9.495
   8.088
   7.192
  10.537
  11.076
  11.479
   5.274
   8.194
   9.636
  10.577
   7.280
   6.971
  10.619
  10.275
   8.386
  11.065
  10.541
   8.722
  11.380
   9.139
   9.984
  11.694
   9.108
   9.644
   7.083
   9.004
  11.727
  11.597
   8.355
   6.529
   7.003
  10.443
  11.210
  10.881
  11.242
  11.034
   5.140
   6.507
   8.814
   9.964
  10.915
  11.188
  11.372
   9.223
  10.905
  11.830
   4.953
   6.255
   8.691
   9.841
  10.187
  11.881
   8.446
   8.668
  10.449
   8.101
   5.505
   8.977
  10.263
   8.092
   9.669
   9.665
  10.210
   8.417
  11.165
   4.918
   6.224
   8.678
   9.426
  10.845
   9.705
   9.228
  11.971
  10.670
   7.638
  10.532
  11.046
  11.585
   9.517
  10.980
   8.090
   7.448
  11.142
  11.301
   9.237
  11.820
   5.062
   6.370
   8.490
  10.125
  10.637
  11.996
   9.348
  10.188
  11.697
   9.645
  11.395
  10.432
  10.956
   5.090
   6.013
   8.848
   9.699
  10.276
  10.500
   8.900
  10.578
   9.409
   5.613
   7.127
   9.971
   8.473
   7.321
  10.865
  11.555
  11.650
   9.470
   9.940
  11.410
   4.702
   6.512
   8.740
   9.897
  10.956
  10.793
   8.000
   9.361
   9.543
   6.029
   5.373
   8.925
   8.798
   6.877
   9.514
  11.796
  10.779
  11.473
   8.503
   6.426
   9.453
   9.375
   6.116
   8.063
  11.119
  10.127
  10.080
   5.334
   6.434
   8.819
  10.213
  10.514
  11.772
   9.060
  11.524
   8.672
   8.679
  10.598
  10.268
   9.331
  10.908
   7.545
  10.222
  10.331
  10.610
   4.750
   5.962
   8.498
   9.292
  10.528
  10.494
  10.633
  11.875
   8.871
   7.032
  10.190
  10.276
   7.240
   8.713
  11.965
  11.347
  11.686
   9.782
  11.380
  11.794
  10.812
   5.417
   6.597
   8.682
  10.421
  10.949
   8.976
   7.911
   9.135
   6.812
   3.861
   6.657
   7.576
   5.130
   5.729
   9.189
   9.957
   9.734
  11.969
   9.777
  11.693
  11.252
   7.475
   8.087
  10.861
   9.247
   7.651
  10.544
   5.293
   6.049
   8.887
   9.906
   9.328
   8.158
  10.732
   9.335
   6.093
   8.828
  10.834
   8.802
   8.322
  11.876
  10.589
  11.948
  10.309
   6.712
   8.063
   9.583
   6.826
   6.004
   9.705
  11.106
  10.541
   4.686
   6.335
   8.571
   8.251
   8.748
  11.290
   9.381
   7.354
  10.918
  10.317
  11.089
  10.452
  11.799
  10.270
   9.076
   5.449
   6.355
   4.785
   5.963
   7.981
   6.113
   5.194
   8.887
  10.076
   9.099
  10.563
  11.829
  11.499
   9.058
  11.934
  11.840
   4.806
   4.744
   4.021
   7.489
   7.423
   5.528
   8.330
  10.832
  10.491
  10.742
  10.781
  10.426
  11.423
   8.998
   6.175
   8.898
  10.262
   8.054
  10.044
   7.334
   7.707
  11.206
  10.809
   8.947
  11.990
   9.775
   8.216
  11.419
  11.688
   9.260
   8.090
  10.983
  10.513
   9.971
  11.160
  11.502
   8.453
   9.268
   9.152
  11.608
  10.167
  11.947
   9.456
  10.610
   5.599
   6.468
   8.920
  10.433
  11.191
  10.022
  11.612
  10.864
  11.448
   4.780
   6.147
   8.781
   9.886
  10.280
  11.877
  10.491
  11.835
  10.615
   6.914
   7.933
  10.233
   8.138
   8.512
   5.252
   6.672
   9.035
  10.128
  10.676
  11.769
   9.654
   9.794
  11.221
  10.574
   5.182
   6.409
   8.689
   9.912
  10.812
  11.798
  10.397
  11.630
   5.243
   6.155
   8.404
   9.937
  10.981
  11.749
   9.431
   8.393
  11.051
  10.058
   7.103
   8.947
  11.922
  11.089
   5.180
   5.776
   8.322
   9.981
  10.564
  11.950
  11.125
  11.452
   9.664
   7.280
  10.149
  10.516
   7.487
   7.689
  11.318
  11.294
  11.319
  11.688
   5.193
   6.041
   8.732
  10.043
  10.375
  11.963
  11.765
   9.940
  11.006
  11.441
   5.304
   6.540
   9.015
  10.080
  10.987
   9.666
  11.709
   9.716
   9.137
  10.690
   5.255
   6.507
   8.763
  10.107
  11.167
  11.311
  10.777
  11.627
  10.097
   6.492
   7.988
   9.423
   6.740
   5.706
   9.488
  10.031
   8.731
   9.877
  11.641
   5.182
   6.213
   8.785
  10.072
   9.826
  11.273
   8.328
   8.920
  11.444
   9.684
   7.543
  11.089
  11.035
  10.905
  11.689
  11.505
   4.967
   6.340
   8.877
  10.061
  11.238
   9.243
  10.989
  11.566
  10.462
   5.152
   6.660
   8.248
  10.026
   7.838
  10.303
   9.532
   6.199
   8.715
  11.169
   9.548
   9.482
   5.119
   5.028
   7.540
   6.658
   8.832
   9.414
   6.080
   6.975
  10.355
   9.876
   8.874
  10.296
  11.987
  11.729
   6.219
   9.605
   9.516
   9.806
  10.713
   9.216
   8.487
  11.955
   9.866
  11.756
   5.669
   9.154
  10.654
   8.755
   9.994
   7.929
  10.365
   8.506
   8.212
  11.862
  10.142
   9.537
   9.750
  10.736
   8.589
   8.241
   7.931
  10.920
  10.092
  11.748
  11.808
   8.284
   7.395
  10.648
  10.339
   7.571
  10.284
   5.314
   6.530
   8.914
  10.030
  10.988
  10.479
  11.795
  10.097
   8.083
  11.529
   9.631
  11.245
  11.939
   4.966
   6.336
   8.702
   9.895
  10.822
  11.798
   8.278
   8.582
  10.050
   7.840
   4.933
   8.217
   9.893
   7.793
   8.782
  11.365
  10.045
  10.005
   8.211
  11.847
  10.552
   4.974
   6.151
   8.642
   9.863
  10.459
   9.882
   9.897
  10.967
   7.960
  10.810
  11.361
  11.552
  11.010
   9.187
   8.463
  11.889
   9.455
   4.925
   6.217
   8.725
   9.767
  10.931
  11.886
   8.936
  10.335
  11.101
   9.196
  11.343
  11.506
   5.189
   6.567
   8.912
  10.319
  10.603
   9.837
   8.748
   9.946
   8.973
   5.219
   6.897
   9.372
   7.916
   6.660
  10.079
  11.173
   9.778
   9.958
  11.488
   5.072
   6.285
   8.899
  10.031
  10.769
  10.906
   8.496
   9.789
  10.248
   6.739
   6.444
   9.896
   9.704
   7.619
  10.086
   9.532
   7.619
  10.415
  10.058
   6.555
   8.737
  11.553
  10.033
   9.347
   5.052
   6.668
   8.880
  10.324
  11.891
   9.800
   9.301
   9.862
  11.114
  11.019
   9.105
  11.576
  11.314
  10.636
   5.360
   6.009
   8.379
  10.442
  11.841
  10.599
  11.766
  11.912
   8.511
   7.160
  10.110
  10.264
   7.446
   9.147
  11.965
  11.296
  10.803
  10.755
   5.275
   5.867
   8.863
  10.612
  10.326
   8.741
   9.081
  10.007
   7.450
   4.590
   7.405
   8.837
   6.650
   7.041
  10.557
  11.366
  10.798
  11.082
   8.357
   8.931
  11.502
   9.534
   7.159
  10.648
  10.285
  10.823
  11.282
   6.073
   7.704
  10.586
  11.008
  10.651
  11.502
  10.951
   7.982
  10.741
  10.287
  10.024
  11.983
  11.779
   8.261
   9.739
  11.172
   8.156
   6.751
  10.467
  10.897
   8.417
  10.135
  11.995
   5.707
   7.995
   9.581
   9.231
  11.303
  10.431
   8.477
  11.999
  11.556
  11.580
   9.575
  10.102
  11.125
  11.829
   5.884
   6.893
   5.600
   8.092
   9.438
   7.232
   6.054
   9.793
  11.136
  10.197
  11.537
   9.921
  10.936
  10.618
  11.846
  11.783
   4.945
   5.327
   6.775
   9.477
   8.536
   6.110
   9.182
  11.705
  11.207
  11.349
  11.875
  11.318
  10.400
   7.147
   9.410
  10.557
   7.543
   6.828
  10.520
  10.835
   8.569
  10.846
   8.607
  11.488
   8.746
   9.651
  10.850
   7.384
   9.792
  11.664
   9.792
   9.743
  11.707
  11.744
   8.105
   7.842
  10.856
  10.008
   7.065
   9.950
   8.845
  10.968
  11.877
   8.907
  11.308
  10.852
  10.154
  11.208
   9.828
   9.032
  10.809
   9.108
  10.924
   8.945
   9.611
   8.603
  10.971
  10.689
  11.489
  10.076
   7.612
  10.657
  11.550
   8.325
   9.080
   6.289
   9.628
   9.620
   7.171
   9.657
  11.650
   5.971
   5.985
   8.497
  10.234
  11.269
  11.074
   9.916
  11.722
   9.418
  11.227
   8.140
  10.875
  11.891
  11.060
   5.149
   5.919
   8.362
  10.184
  10.523
  11.863
   9.913
  10.572
  11.859
   9.287
   9.073
  10.727
   9.067
   5.706
   8.491
  10.374
   8.341
   7.641
  11.297
  11.675
   5.459
   6.075
   8.783
  10.108
  10.530
   9.040
  11.713
  10.107
   9.363
  11.914
   5.015
   6.273
   8.650
   9.816
  10.578
  11.330
  11.069
   5.639
   6.477
   8.800
  10.330
  11.232
  10.674
   9.536
  11.583
   8.262
  10.544
  11.594
  10.577
   9.465
  10.639
  11.154
   8.650
  11.925
   4.973
   5.986
   8.512
   9.973
  10.504
  11.775
  10.600
   8.471
  11.745
   8.975
  10.330
  11.718
   9.262
  10.112
  11.573
   9.028
   6.398
   9.683
  11.015
   8.602
   9.191
  11.708
   5.124
   6.162
   8.723
   9.954
  10.659
  11.186
   9.860
  10.640
  11.370
   5.099
   6.216
   8.546
   9.990
  10.828
  10.273
  10.394
  10.046
  11.296
  11.323
   5.453
   6.287
   8.839
  10.285
  11.129
  11.011
  11.807
  10.871
   7.232
   8.512
  10.193
   7.426
   6.534
  10.372
  10.788
   9.052
  11.218
   9.029
  10.932
  10.001
   8.748
  10.496
  11.513
   5.153
   6.237
   8.754
  10.166
   9.708
   9.082
   9.868
  10.568
   9.021
   9.741
  11.556
   8.739
   8.200
  11.729
  11.196
   8.174
  10.180
   5.246
   6.384
   8.965
   9.899
   9.948
  11.859
  11.699
  11.791
  10.980
   5.231
   6.624
   8.091
  10.608
   9.033
  11.206
  10.053
   6.829
   9.512
  11.740
   9.789
  10.294
  11.878
  11.537
   5.268
   4.954
   7.984
   7.469
   9.385
   9.504
   6.130
   7.518
  10.680
   9.796
   9.431
  11.463
   9.331
  11.857
   8.215
   8.535
  11.423
   5.685
   9.351
   9.891
   9.837
  11.084
  11.424
   8.724
   9.979
  11.887
  11.938
   9.269
   9.117
  10.012
   5.685
   9.189
  10.009
   8.288
  10.197
  11.712
  11.112
   7.970
   9.878
   7.956
   8.375
  11.785
  11.135
   8.682
   7.554
   9.294
   8.899
  11.937
   8.648
   8.299
   8.486
  11.218
  11.346
   9.027
  10.476
   9.759
   5.575
   6.985
   8.881
  10.088
  11.501
  10.590
   5.124
   6.130
   8.588
   9.941
  10.546
  10.059
   4.846
   6.085
   8.737
   9.654
  10.162
   4.804
   6.416
   8.729
   9.634
  10.606
  10.158
  11.515
  10.097
   5.105
   6.443
   8.724
  10.001
  10.837
  11.476
  10.337
  11.373
   7.705
   9.587
  11.618
   9.718
   7.577
  11.141
  11.569
   4.919
   6.127
   8.627
   9.797
  10.529
  11.361
  10.311
  11.067
  11.913
  11.085
   5.023
   6.253
   8.711
   9.912
  10.449
  11.104
  11.084
  10.316
   5.161
   6.302
   8.751
   9.896
  10.604
  11.793
   9.577
  11.398
  11.206
   7.509
   7.305
  10.425
   9.587
   6.863
   9.677
  10.849
  10.118
  11.589
   5.162
   6.315
   8.677
   9.978
  10.927
   9.306
  11.095
   9.028
   7.479
  11.003
  11.435
   8.577
  10.121
  11.480
  11.678
  11.653
   8.609
  10.598
   5.105
   6.093
   8.516
   9.947
  10.404
  11.921
   9.798
  10.563
  10.090
  11.613
  11.683
   5.026
   6.026
   8.624
   9.741
  10.132
  10.330
  11.130
   9.204
   7.219
  10.443
  10.989
   7.913
   8.676
  10.693
   5.173
   6.426
   8.773
   9.860
  10.611
   9.068
   8.602
   9.909
   7.757
   4.521
   7.330
   8.894
   6.581
   6.189
   9.897
  10.953
   9.723
  11.480
  10.809
   5.215
   6.184
   8.501
   9.814
   9.690
   9.459
  11.931
  10.357
   7.179
  10.031
  10.371
   9.569
  11.034
   4.921
   5.837
   8.350
   8.177
   9.449
  11.932
   9.823
   7.851
  11.448
  11.173
  11.614
   5.020
   6.039
   4.669
   6.031
   8.252
   6.305
   4.995
   8.660
  10.275
   9.151
  10.176
   4.921
   5.590
   5.185
   8.596
   8.254
   6.078
   8.767
  11.537
  11.105
  11.020
   7.606
   8.510
  11.330
   9.560
   7.982
  10.960
   9.984
   9.571
   8.554
   8.942
   8.836
  11.236
   5.331
   6.321
   8.838
  10.277
  10.748
   5.068
   6.234
   8.693
   9.933
  10.562
   5.102
   6.187
   8.543
   9.890
  10.710
   5.295
   6.074
   8.473
  10.049
  10.866
   5.261
   5.996
   8.568
  10.124
  10.536
   5.220
   6.179
   8.735
   9.961
  10.513
  10.925
   5.257
   6.360
   8.710
  10.023
  11.167
   5.326
   6.252
   8.687
  10.273
  10.599
  11.887
   5.053
   6.059
   8.755
   9.926
  10.214
   9.839
   9.636
   9.940
   5.100
   6.536
   8.789
   9.925
  11.714
  11.606
  10.159
   9.718
  11.479
   5.388
   6.150
   8.393
  10.518
  11.872
   5.093
   5.643
   8.700
  11.388
  10.303
   5.408
   7.122
  10.919
  11.787
  10.701
  11.647
  10.414
  11.708
   9.664
   7.515
  11.001
  11.999
   9.482
  10.300
   5.722
   9.168
   9.104
   7.262
  10.247
   9.234
   7.827
  11.470
  10.771
   8.088
   8.916
   7.758
  11.432
  11.171
  10.617
   8.890
   9.162
  11.251
  11.535
  10.608
   6.413
   9.269
   7.812
   8.959
  11.503
  11.177
   9.066
   8.368
  10.677
  11.173
  10.800
   5.581
   8.074
  10.102
  11.310
  11.564
  11.353
  11.373
   5.782
   7.934
  10.134
  11.694
  11.513
   5.423
   7.734
  10.107
   9.767
  11.311
   5.760
   8.236
   9.356
  11.175
  10.686
  11.913
  11.166
  11.466
   9.678
  11.082
  10.368
   5.947
   6.427
   9.187
  10.740
  10.934
  10.932
  10.426
  11.102
  11.775
   4.598
   6.096
   8.463
   9.390
  10.583
  10.229
  10.749
   6.477
   7.063
   8.950
  11.046
  11.766
  11.406
   9.014
   7.569
  10.538
  10.207
   7.249
   9.568
  11.530
  10.919
  11.657
  10.849
  11.778
  10.973
   5.352
   5.854
   8.718
   9.900
   9.702
   9.506
  10.364
   8.031
   5.228
   8.283
   9.323
   6.947
   8.260
  11.563
  11.858
  11.143
  11.453
  10.842
  10.823
  10.897
   5.097
   6.447
   8.752
   9.568
  10.433
  10.567
   8.015
  11.382
  10.696
  11.922
   5.269
   6.343
   8.405
   8.739
  11.467
   9.575
   8.301
  11.471
  11.349
   4.974
   5.589
   5.073
   7.560
   6.037
   5.054
   8.774
   9.755
   9.224
  11.377
  10.912
  11.553
  10.181
  11.041
   4.672
   6.529
   8.877
   8.522
   6.094
   9.166
  11.424
  10.857
  11.854
  11.885
   9.262
   8.029
  11.336
  11.167
   9.538
   9.126
   9.360
   9.029
  11.968
   8.136
   7.319
   9.522
  11.709
   8.966
  10.535
   5.934
   8.058
   9.155
  10.578
   9.555
  10.155
  11.637
  10.760
  11.295
  11.533
   9.230
  11.765
  10.481
  11.488
   5.585
   6.369
   8.917
  10.459
  10.853
   9.594
  11.392
  11.726
   8.046
   7.519
  11.039
  10.580
   9.021
  11.697
   8.616
   8.147
   7.949
  11.150
  11.805
  10.617
   9.050
  11.510
  11.383
   4.650
   6.144
   8.770
   9.572
  10.409
   9.945
   9.793
  10.046
  10.682
  10.158
   8.267
   7.681
  11.421
  11.295
  11.035
  11.438
  10.807
   8.253
  10.852
   9.129
   8.418
  11.670
  11.517
   5.314
   6.798
   8.914
  10.284
  11.023
  11.032
   9.457
   7.762
  10.836
  10.667
   7.456
   9.049
  10.995
  11.711
  10.355
  11.937
  11.986
  11.338
   5.230
   6.251
   8.809
   9.935
  10.421
   9.119
   9.035
   9.969
   7.400
   4.543
   7.575
   8.456
   5.688
   6.297
   9.350
  10.046
   7.461
   8.775
  11.931
  10.538
  10.205
  11.625
  11.002
   8.723
  11.707
   5.045
   6.340
   8.670
   9.880
  10.952
  10.392
  10.300
  10.308
   7.241
  10.387
   9.426
   9.163
  11.761
  11.368
   8.015
   9.665
  11.893
   9.392
   9.176
  11.930
  10.168
   8.620
   5.979
   9.256
  11.354
   9.586
   9.784
  11.517
  11.249
  10.402
  11.636
   5.249
   6.211
   8.533
  10.168
  10.885
  11.949
   8.901
  10.158
   9.893
   8.028
  11.783
  10.677
  11.587
  11.194
  11.955
  11.967
  10.613
  11.773
   9.331
  11.751
  11.852
  10.533
  11.630
  11.675
  11.611
  10.636
   4.964
   5.791
   8.450
   9.850
   9.959
  11.775
  10.358
   8.955
  10.365
   8.965
   5.223
   6.538
   8.768
   6.707
   5.382
   9.154
  10.490
   9.291
  10.454
  10.259
   9.865
  10.951
   8.836
  11.006
  11.912
   5.191
   6.338
   8.779
   9.829
  10.649
  11.756
   9.174
  10.637
  10.524
   6.959
   6.332
   9.466
   8.678
   6.119
   9.172
  11.681
  10.614
  10.410
  11.693
  11.806
   8.199
   7.696
   9.586
   7.464
   5.339
   8.978
  10.383
   8.662
  10.362
   8.840
  10.703
  11.445
   9.880
  11.398
   5.465
   6.381
   8.491
  10.073
  10.643
   9.885
   8.847
   9.278
  11.666
   9.639
  11.478
  11.276
   9.743
   7.511
  10.947
  11.572
   8.681
  10.384
  11.001
   9.629
  11.580
  10.511
   9.152
  11.095
  11.654
  11.149
   9.430
   7.599
   9.392
   9.776
   5.227
   5.755
   8.357
   9.637
  10.823
  10.694
  11.542
   8.825
   7.257
  10.284
   9.959
   6.627
   8.389
  11.557
  10.528
   9.792
   9.368
  11.092
  11.652
  11.082
  11.636
   8.146
   7.938
   9.865
  11.549
   5.072
   6.011
   8.466
  10.185
  10.377
   9.098
   8.821
   9.837
   7.227
   4.344
   7.022
   7.730
   4.932
   5.476
   9.027
   9.231
   8.668
  11.302
  10.530
  10.735
   7.184
   9.448
  11.715
   9.666
   9.426
  11.252
  11.228
  10.838
  11.733
   5.066
   5.975
   8.792
   9.665
   9.803
   9.893
  10.057
   6.798
   9.596
  11.197
   8.656
   8.257
  11.319
  11.404
  11.745
   9.895
   6.398
   8.227
   9.543
   6.791
   6.348
  10.002
   9.560
   7.503
  10.631
  11.314
  10.753
   9.466
   9.304
  10.527
   4.810
   6.473
   8.669
   8.805
  10.329
  10.106
   7.900
  11.485
  10.223
  11.053
  10.075
  11.946
   9.614
   9.045
  11.053
   8.154
  11.242
  11.833
  11.010
   7.435
   6.822
   6.541
   8.926
  11.429
  11.367
  11.928
   5.550
   6.466
   5.362
   7.091
   8.701
   6.633
   5.087
   8.876
  10.047
   8.491
   9.932
  11.294
  10.723
  10.800
   9.019
   9.748
   9.836
   4.789
   5.418
   5.611
   8.640
   7.976
   5.202
   8.124
  10.637
   9.695
   9.748
  10.189
  10.543
  10.520
   8.195
  11.639
   9.030
  10.776
  11.337
   7.637
   8.953
  11.295
   8.864
  11.978
  11.630
  10.222
   7.939
  10.636
  10.272
   6.599
   8.231
  11.233
  11.074
  10.627
   8.699
  11.025
   8.534
  11.200
  10.685
   9.500
  11.693
  10.140
  11.332
  10.649
  11.450
   9.792
   8.630
   9.335
   8.231
  10.694
  11.884
  11.688
   5.899
   6.076
   8.590
  10.361
  10.777
   4.910
   5.853
   8.558
   9.762
  10.238
   5.493
   6.660
   8.916
  10.306
  11.097
   5.039
   6.047
   8.490
   9.784
  10.306
   5.131
   6.095
   8.563
   9.736
  10.648
  10.151
  11.189
  11.281
   5.241
   6.195
   8.547
  10.093
  10.792
  11.748
  10.853
  11.222
   5.079
   6.004
   8.668
   9.827
  10.382
   4.959
   6.277
   8.727
   9.858
  10.595
  10.456
   9.804
  11.956
   5.202
   6.450
   8.837
  10.014
  10.508
  10.437
   9.872
   7.138
   9.629
   9.933
   7.161
   8.758
  11.655
  11.564
   5.045
   6.263
   8.697
   9.810
   9.426
  10.928
   8.254
  11.273
  10.359
  11.488
   5.057
   6.270
   8.553
   9.674
  10.822
   9.353
  11.380
   5.131
   5.945
   7.421
   9.321
   7.189
   6.402
  10.010
   9.865
   8.713
  11.326
  11.571
   4.994
   4.564
   7.537
   6.953
   5.450
   9.101
  10.344
   9.856
  11.407
   6.453
   9.944
   9.941
   9.177
   9.210
   8.718
   9.385
   5.619
   7.126
  10.422
  10.834
  11.732
  11.663
  11.193
   5.723
   8.511
  10.212
  11.335
  11.725
   7.155
   8.380
  10.697
  11.817
   9.294
  11.121
   9.830
   8.002
  11.350
  10.147
  10.765
  10.727
   5.484
   7.520
   9.542
  10.380
  11.381
  10.674
   9.160
  10.729
  11.334
   9.091
  11.822
   8.956
  10.482
   7.811
   8.242
  11.888
  11.270
   5.726
   6.897
   8.995
  10.349
  11.742
  11.586
  10.795
  10.667
  10.818
   4.937
   6.149
   8.660
  10.020
  11.427
  10.811
   9.023
   8.804
  10.840
   8.481
  11.573
  11.881
  11.378
  11.290
  10.159
  11.722
   5.025
   6.175
   8.747
  10.245
  10.744
   9.063
  10.610
  11.657
   8.538
   7.003
  10.590
  10.664
   8.095
  10.240
  11.067
  10.833
  11.600
   8.163
   7.087
  10.561
  10.700
   8.018
   9.805
   5.038
   6.509
   9.272
   9.870
  10.210
  10.056
  11.083
  10.067
  11.835
  10.026
   9.915
   9.202
  11.711
   5.447
   7.529
   9.556
  10.154
  11.796
  11.285
   9.051
   9.716
  10.079
  11.897
  11.503
   5.495
   7.057
   9.025
  10.586
  11.293
   9.722
   9.522
  10.659
   7.919
   5.293
   8.259
   9.213
   6.567
   6.897
  10.532
  10.834
   9.943
  10.200
   9.156
   9.917
  10.219
   4.896
   6.166
   8.833
   9.503
   9.270
   8.645
  11.025
   9.383
   6.116
   8.925
  11.179
   9.409
   8.605
  11.143
  10.019
  10.937
   7.239
   8.915
  11.213
   9.267
   8.052
  11.667
  11.928
  11.948
  10.968
   4.834
   6.532
   8.615
   8.480
   9.415
  11.881
   9.845
   7.716
  11.271
  11.253
  11.538
  10.951
  10.556
   5.468
   6.399
   4.960
   6.405
   8.396
   6.364
   5.237
   8.946
  10.404
   9.492
  10.551
  11.478
  11.743
   9.394
   4.719
   5.109
   4.639
   7.939
   7.547
   5.388
   8.165
  10.850
  10.640
  10.522
   9.218
   9.550
  11.042
   8.674
   6.091
   9.431
  10.821
   8.451
   9.707
  11.332
   9.920
  11.521
   7.332
   8.001
  11.460
  10.936
   9.014
  11.972
  11.254
  10.398
   8.839
   9.850
  11.911
  11.556
   8.969
   8.829
  10.164
   7.892
  10.851
  10.355
   9.771
  10.850
  11.094
  11.912
  11.866
  11.904
   8.208
   9.008
   8.658
  10.908
  11.310
   8.466
  10.716
  11.439
   8.005
   8.474
  11.981
  11.179
  10.684
   5.564
   6.409
   8.829
  10.366
  11.220
   9.025
  10.973
  10.085
   9.490
   5.013
   6.132
   8.668
  10.093
  10.434
  10.766
   9.336
  10.656
   9.420
   5.707
   7.273
   9.532
   7.456
   6.726
  10.367
  10.673
   5.269
   6.358
   8.862
  10.037
  10.710
  10.327
  11.978
   8.232
   8.536
  11.602
  10.301
   8.335
  11.745
  11.118
   5.199
   6.295
   8.517
   9.904
  10.955
  10.855
   9.677
  11.046
  11.611
   5.453
   6.100
   8.573
  10.156
  10.751
  10.954
   8.928
   7.774
  10.642
  10.121
   7.052
   9.262
  11.147
  11.029
   5.098
   6.004
   8.659
   9.817
  10.443
  10.055
  10.391
  11.457
   8.643
   5.971
   8.827
   9.639
   6.706
   7.395
  10.998
  11.014
  10.235
  11.226
  10.877
  10.968
  11.613
   5.162
   6.483
   8.896
  10.193
  11.151
  11.838
  11.730
   9.128
  10.454
  10.850
   5.133
   6.468
   8.963
  10.232
  10.872
  10.294
  10.945
   9.425
  11.342
   4.983
   6.322
   8.808
   9.854
   9.974
  11.248
  10.905
  10.129
   6.608
   8.407
  10.273
   7.773
   6.325
  10.037
  11.206
   9.629
  11.003
  11.505
   5.221
   6.528
   8.857
   9.751
  10.189
  11.667
  11.552
   8.425
   9.075
  11.882
  10.258
   7.670
  10.918
  11.445
  11.578
  11.062
   5.419
   6.494
   8.598
  10.146
  10.211
  11.817
  10.963
   4.998
   5.626
   7.893
  10.143
   9.335
  11.979
  10.653
   7.521
   9.934
  11.131
  10.253
   4.953
   5.096
   6.971
   7.194
   9.850
   9.694
   6.482
   7.663
  11.084
  10.670
   9.338
  10.836
  11.923
  11.664
   5.708
   8.879
  10.148
  10.290
  11.236
   9.795
  10.285
  10.979
   6.781
  10.451
  10.490
   8.687
  10.769
   9.328
  10.664
   8.933
   9.640
  11.509
  11.528
  11.109
   8.768
   7.976
   7.756
  10.808
  10.425
   8.306
   8.172
  11.144
  10.197
   7.319
  10.338
   5.404
   6.450
   8.647
  10.108
  10.912
  10.499
  11.302
   9.070
   7.265
  10.386
  10.617
   7.401
   9.139
   5.407
   6.129
   8.662
  10.140
  10.730
   8.981
   8.573
   9.654
   7.276
   4.253
   7.048
   8.222
   5.594
   6.370
   9.823
  10.921
   9.568
  11.760
   8.829
  11.496
   5.264
   6.232
   8.692
   9.996
  10.665
  10.122
   9.662
  11.911
  10.132
   6.883
   9.658
  11.677
   9.331
   9.278
  10.519
  11.652
   9.528
   5.140
   6.078
   8.450
   9.851
  10.679
  11.805
   8.609
   9.543
  11.995
   9.896
   7.766
  11.312
  10.845
  11.914
  11.295
   5.159
   6.123
   8.650
  10.046
  10.481
  10.073
   8.781
   9.974
   8.682
   4.918
   6.166
   8.454
   6.600
   5.204
   8.851
  10.460
   9.300
  10.843
   9.171
  11.789
  11.001
   5.182
   6.249
   8.810
   9.952
  10.594
  10.924
   8.344
   9.620
   9.768
   6.250
   5.128
   8.388
   8.016
   5.385
   7.960
  10.793
  10.163
  10.384
  10.013
  11.405
   8.830
   6.330
   9.836
  11.336
   9.018
   9.343
  11.492
   5.007
   6.274
   8.559
   9.889
  10.828
  11.507
   9.149
  11.629
  11.924
   8.397
   8.254
  11.794
  11.302
   9.006
  11.769
  11.201
   9.586
  11.282
  10.235
   5.270
   6.121
   8.630
  10.092
  10.928
  10.471
  11.055
  11.815
   8.450
   7.071
  10.041
   9.815
   6.651
   8.085
  11.349
  10.729
   9.714
  11.342
   4.992
   6.057
   8.606
   9.920
  10.016
   8.530
   8.074
   9.260
   6.613
   3.906
   6.822
   7.699
   5.191
   5.516
   9.000
   9.608
   8.884
  11.166
  11.194
   9.071
  11.749
   8.680
   8.698
  11.521
   9.274
  11.974
  10.800
   5.283
   6.395
   8.982
   9.614
   9.595
   9.377
  11.727
   9.741
   6.573
   9.459
  11.209
   8.815
   7.916
  11.658
  11.064
  10.225
   9.397
  11.938
   8.535
  10.096
  11.580
  10.126
  11.183
  10.542
   7.077
   9.364
  11.939
  10.101
   9.825
   5.200
   6.626
   8.613
   8.530
   9.806
   9.734
   7.699
  11.321
  10.355
  10.704
  11.965
   8.852
  11.791
  10.814
  11.167
   5.212
   6.118
   4.898
   6.560
   8.511
   6.474
   5.234
   8.986
  10.278
   9.068
  10.051
  11.678
  11.959
  10.206
  11.281
  11.701
   4.476
   5.157
   5.167
   8.461
   7.882
   5.372
   8.354
  10.924
  10.229
   9.877
   9.311
  10.298
  10.053
   7.654
  11.066
   9.921
  10.764
   9.259
  10.563
   9.747
   8.255
  11.983
  10.116
  11.778
   7.403
   8.589
  11.939
  11.198
   9.012
  11.095
  11.129
   7.976
  10.018
  10.840
   7.441
   7.305
  10.855
  10.481
   8.294
  11.047
   8.250
  11.021
  10.403
   9.535
  11.807
  10.866
  10.519
  10.056
   8.571
   9.209
   8.281
  10.791
   9.410
   9.450
   9.700
  11.921
  11.255
   9.585
   9.119
  10.723
  11.038
   5.789
   6.130
   8.676
  10.373
  10.954
   8.992
  11.073
   9.922
   8.944
   4.652
   5.832
   8.476
   9.686
   9.928
  11.586
   9.950
   9.217
  10.672
   8.982
   5.371
   7.391
   9.258
   6.822
   6.160
   9.938
  10.160
  11.606
   5.296
   6.477
   8.864
  10.110
  10.762
  11.766
   9.792
  11.343
  10.840
   7.080
   7.298
  10.091
   8.598
   6.324
   9.842
  11.371
   5.052
   6.133
   8.408
   9.740
  10.598
  11.747
   9.949
   8.746
   9.784
  11.569
   9.945
   5.322
   5.914
   8.289
   9.846
  10.406
  11.985
  10.295
  11.835
  11.864
   8.305
   7.306
  10.243
   9.576
   6.448
   8.689
  11.535
  10.262
   9.931
   5.209
   5.823
   8.367
   9.760
  10.377
   9.564
   9.912
  10.267
   7.402
   4.847
   7.437
   7.931
   4.996
   5.810
   9.265
   9.198
   8.668
  11.469
   5.303
   6.234
   8.747
  10.114
  10.742
  10.898
  11.460
  10.363
   7.392
  10.221
  11.491
   8.723
   8.682
  11.273
   5.015
   6.130
   8.603
   9.906
  10.505
   9.029
  10.779
   9.799
   7.823
  11.435
  10.021
  11.159
   4.965
   6.099
   8.591
   9.794
  10.589
  11.359
  10.350
  10.935
   8.668
   5.355
   7.107
   8.744
   6.357
   4.840
   8.630
   9.672
   8.362
   9.915
   5.141
   6.200
   8.594
   9.942
   9.992
  10.889
  11.623
  10.418
   6.928
   6.808
   9.277
   8.052
   4.994
   7.953
  10.342
   9.295
   9.345
   5.211
   6.150
   8.696
  10.015
  11.645
   8.648
   9.471
  11.147
   8.601
  11.747
   5.152
   6.344
   8.387
  10.262
   8.633
  10.887
   9.833
   6.199
   8.191
  11.216
  10.104
   8.808
   5.115
   5.320
   7.529
   6.413
   8.358
   8.351
   4.991
   5.338
   8.964
   9.112
   7.766
  10.311
   5.494
   8.983
   9.302
  11.530
   8.761
   8.315
  10.171
   9.246
   9.607
   9.861
  10.680
   6.427
   9.908
  11.015
   8.587
   9.361
   8.344
  10.417
   8.553
   7.708
  11.255
   9.214
   8.687
   8.354
  11.138
   5.513
   6.306
   8.606
  10.107
  11.040
  11.441
   5.334
   5.976
   8.360
  10.110
  10.880
  11.906
  11.275
   8.742
  11.578
  11.855
   8.336
   9.744
   4.867
   5.588
   8.185
   9.656
   9.782
  11.510
  11.288
  10.576
  10.605
   7.255
   9.908
  11.368
   8.460
   8.923
   9.971
  10.415
   9.290
   5.275
   6.145
   8.739
   9.769
  10.478
  10.651
  11.754
   5.380
   6.473
   8.611
  10.139
  11.018
  10.701
   5.298
   6.012
   8.623
  10.077
  10.677
  10.631
   8.505
   9.250
  11.756
   9.677
   7.538
  11.178
  10.295
  10.813
   4.735
   5.926
   8.440
   9.672
  10.227
  10.271
   9.442
   9.055
  11.319
   8.579
  11.593
  10.546
   9.392
  10.501
   5.206
   6.230
   8.675
   9.881
  10.889
  11.924
  11.963
   5.197
   6.256
   8.671
  10.256
  10.906
  11.998
  11.260
  11.822
   9.665
   9.886
  11.312
  11.704
   5.243
   6.273
   8.950
  10.024
   9.905
   9.182
   9.319
  11.591
   9.480
   6.541
   9.577
  10.618
   7.515
   8.278
  11.784
  11.317
   9.952
  11.212
  10.453
   4.955
   6.370
   8.698
   9.106
   9.887
  10.134
   8.980
  11.788
  10.949
  10.935
  10.879
   5.396
   6.546
   8.463
   9.256
  10.883
  10.321
   5.089
   5.903
   5.617
   7.637
  10.113
   8.897
   7.431
  11.035
  10.519
   4.217
   5.719
   6.204
   9.667
   9.631
   7.399
  10.203
  11.252
  11.648
  11.523
  10.761
   8.073
   9.356
  11.147
   8.740
  11.425
  11.715
  10.977
   8.296
   9.490
   8.757
  11.208
  11.630
  11.700
  10.874
   6.019
   6.390
   9.090
  11.015
  10.796
  11.467
  10.695
  10.658
  10.670
  11.280
   4.810
   6.204
   9.042
   9.509
  10.217
  11.285
  11.247
  10.998
   7.797
  10.565
  11.751
   9.164
   7.336
  10.833
  10.811
  11.669
   9.953
   8.679
  10.366
  11.916
  11.117
   6.029
   7.751
   9.431
  10.842
   9.325
  10.957
  10.824
   7.842
  10.490
   9.713
  11.717
  10.383
  11.343
  11.239
   8.046
   6.297
   9.345
   9.188
   6.200
   8.159
  11.221
  10.578
  10.525
   5.610
   6.466
   8.946
  10.377
  11.019
  10.785
  10.951
  11.965
   9.734
  11.787
   9.069
   7.966
  11.657
  11.895
   9.559
  11.542
   4.748
   6.134
   8.697
   9.629
  10.234
  11.666
   9.617
   9.452
  11.356
   8.518
  11.058
  11.890
  10.373
  11.859
  11.869
  11.200
  11.375
   5.203
   6.649
   8.947
  10.009
  10.869
  10.659
  11.011
  11.617
   8.352
   6.812
   9.751
   9.506
   6.388
   7.931
  10.895
  10.325
   8.651
  10.682
   8.644
  11.764
  11.760
  10.268
  10.648
  10.041
   5.077
   6.404
   8.768
   9.850
  10.686
  11.487
  10.826
   8.928
   9.973
  10.781
  11.982
  10.734
  11.754
  10.663
   9.639
  10.700
  11.717
   5.024
   6.265
   8.671
   9.794
  10.494
   9.879
  11.652
  10.088
   9.465
  11.030
   4.983
   6.194
   8.610
   9.701
  10.790
  11.066
  11.457
  11.454
   9.919
   6.351
   7.858
   9.403
   6.672
   6.066
   9.845
  10.349
   8.921
  10.523
   5.007
   6.267
   8.690
  10.004
   9.527
  11.732
  11.997
  11.632
   7.827
   8.177
  10.846
   9.073
   7.012
  10.593
  10.693
  11.018
   4.986
   6.232
   8.843
   9.675
   9.195
  10.696
  11.564
  10.386
   4.939
   6.531
   8.122
  10.565
   8.987
  10.626
   9.744
   6.322
   8.851
  11.313
   9.759
   9.737
   5.213
   4.958
   7.839
   7.138
   8.425
   8.839
   5.435
   6.495
   9.840
   9.418
   8.574
  11.690
   5.483
   9.104
   9.622
  11.602
   9.182
  10.015
  11.744
   9.138
   9.062
  11.944
   9.516
  11.526
   5.706
   8.973
  10.076
   8.182
   9.827
   7.713
   9.929
   8.062
   8.118
  11.637
  11.951
   9.011
   8.702
   8.757
  11.543
   5.873
   7.051
   9.089
  10.710
  11.651
   4.902
   6.025
   8.678
   9.716
  10.443
   4.857
   6.390
   8.763
   9.871
  10.477
   5.218
   6.485
   8.915
   9.968
  10.921
   5.013
   6.392
   8.701
  10.065
  10.326
   5.165
   6.214
   8.764
   9.695
  11.102
   4.991
   6.213
   8.327
  10.101
  10.270
  11.641
   5.341
   5.840
   8.708
   9.870
  10.412
  11.323
   9.530
  10.657
   4.880
   6.473
   8.619
  10.176
  10.339
   9.381
   9.297
   5.595
   6.050
   8.456
   9.726
   9.923
  10.531
   4.801
   5.470
   7.371
   7.175
   8.992
  11.663
  11.652
  10.953
   6.054
   5.698
   4.657
   5.452
   8.689
   9.033
   9.478
  10.812
  11.518
   4.988
   6.471
   6.185
   8.841
  10.515
  11.415
  11.703
  10.893
   7.944
   9.079
  10.802
  12.000
  10.565
   9.983
  10.076
   8.116
   8.925
   9.261
  11.781
  11.818
  11.278
   9.798
   6.770
   9.277
  10.147
   7.014
   7.577
  11.256
   5.332
   6.729
   9.019
  10.830
  11.318
  11.921
   9.137
   7.431
  10.171
   9.639
   6.165
   8.345
  11.302
   4.526
   6.162
   9.055
   9.596
  10.120
  11.988
   9.686
  11.044
  11.778
   8.402
   7.416
  10.978
  10.787
   8.216
  10.904
   5.489
   7.376
   9.288
  10.264
  11.277
  10.995
  10.614
   9.955
   5.752
   6.604
   8.839
  10.165
  11.109
  11.774
   8.734
   9.301
  11.954
  10.048
   7.670
  11.223
  11.988
   5.197
   6.224
   8.761
  10.184
  10.779
  10.204
   9.317
   9.892
   8.260
  10.424
  10.044
   6.370
   7.618
  10.702
   9.467
   8.116
  11.682
  10.569
  11.339
  10.342
   4.951
   6.193
   8.730
   9.794
  10.258
  11.959
  11.529
   9.416
   9.985
  10.583
   9.918
  11.199
  11.729
  11.521
   4.777
   5.983
   8.362
   9.416
  11.842
  11.033
  11.360
  11.243
  11.457
   5.273
   6.305
   8.640
  11.057
  10.209
   9.307
   9.596
  10.628
  10.718
  11.881
   8.780
  11.529
  11.488
  11.266
  10.089
   7.677
  10.565
  11.034
   7.871
   8.668
  10.957
   5.184
   6.110
   7.931
   7.032
   5.861
   7.201
  10.969
   9.989
   9.831
   9.913
   9.711
   7.264
  10.705
   9.771
  10.641
   4.804
   7.225
   8.211
   8.345
  10.683
  11.153
   9.826
  11.581
   8.576
   9.290
  10.298
   9.247
   8.803
  11.781
   9.163
  11.699
   5.987
   7.645
   9.579
  11.900
  11.809
   9.284
   6.152
   5.959
   9.602
   9.724
   8.160
  10.690
   7.105
  10.304
  11.390
   9.003
   8.913
  11.948
  10.265
  11.624
  10.108
  10.134
   9.222
  10.984
  11.758
   8.788
   8.001
   7.345
  10.462
  10.057
  11.306
   8.703
   8.822
  11.685
  10.391
   9.814
   7.595
  10.432
   7.572
   5.071
   5.249
   8.821
   9.436
   8.814
  11.156
  11.135
  10.839
  10.086
  10.109
   6.961
   8.652
  11.877
  11.520
  10.886
   5.171
   5.964
   8.499
   9.678
  10.466
  10.550
  10.348
  11.851
   8.906
  11.769
  11.790
  11.674
  10.395
  11.699
   8.986
   9.310
   5.188
   6.121
   8.357
   9.964
  10.931
  11.901
   9.000
  10.161
  11.316
   9.437
  11.578
  11.117
   5.460
   5.956
   8.595
  10.221
  10.396
  11.893
   9.883
   8.625
  10.252
   9.102
   5.299
   6.404
   9.345
   8.015
   6.500
   9.939
  11.800
  10.860
  11.822
  11.601
  10.115
   8.569
  10.643
  11.503
   4.876
   5.946
   8.565
   9.521
  10.006
  10.721
   8.326
  10.459
  10.679
   7.220
   6.614
  10.259
  10.147
   7.789
  10.229
  10.063
  10.480
   7.033
   6.486
   9.969
  10.007
   7.920
   9.829
   5.277
   6.496
   8.666
   9.876
  10.801
  11.563
   9.831
   9.553
   9.902
  11.251
   9.616
   9.969
  10.247
   5.277
   6.150
   8.582
   9.969
  10.915
  10.585
  11.458
   8.470
   7.768
  11.003
  10.680
   7.751
   9.329
  11.483
  11.415
  10.932
   4.890
   5.956
   8.531
   9.829
   9.969
   8.587
   8.413
   9.459
   6.522
   4.418
   7.749
   8.472
   6.104
   6.654
  10.163
  10.927
  10.116
  10.232
   8.974
  11.517
  10.923
   7.515
   9.175
  11.318
   9.918
   4.889
   6.093
   8.663
   9.454
   9.530
   9.708
  11.890
   9.549
   7.092
  10.477
  11.994
   9.768
   9.413
   9.578
   9.661
  11.742
   9.970
   7.073
  10.043
  10.490
  10.137
   5.038
   6.466
   8.619
   8.518
  10.146
   9.564
   8.478
  11.327
  10.592
   5.248
   6.135
   4.917
   6.729
   8.469
   6.224
   5.830
   9.523
  10.647
   9.644
  10.763
  10.238
  11.955
  10.317
   4.699
   5.592
   5.835
   8.946
   7.973
   5.983
   9.194
  11.550
  10.865
  10.676
  11.186
   7.809
   9.856
  11.383
   8.824
   7.411
  11.163
  10.058
  11.184
   7.649
   9.058
  11.128
   9.640
  10.469
  11.114
  10.508
   8.306
  10.967
  10.227
  10.040
  11.741
   8.515
   9.027
   8.563
  11.016
  11.670
  10.911
   8.751
  11.971
   9.256
   9.782
   5.669
   6.549
   8.938
  10.516
  11.272
   9.352
  11.024
  10.384
   4.881
   6.061
   8.631
   9.987
  10.244
  11.691
   9.790
   9.521
  11.054
   9.565
   6.107
   8.571
  10.593
   8.350
   7.347
  10.484
   5.266
   6.404
   8.822
  10.023
  10.585
  11.987
  10.890
   8.743
  10.148
  11.227
   9.134
  11.758
   5.277
   6.183
   8.332
   9.832
  10.945
  11.221
  10.887
   9.996
   5.455
   5.844
   8.172
  10.037
  10.459
  11.792
   9.794
  11.314
  11.182
   7.455
   7.409
  10.354
   9.788
   7.130
   9.656
  11.378
  10.905
   5.263
   5.682
   8.429
   9.720
  10.172
  11.909
   9.927
  10.743
  11.590
   8.378
   6.451
   9.339
   9.986
   6.963
   7.918
  11.407
  11.186
   9.876
   5.250
   6.306
   8.669
  10.066
  10.822
  11.267
  11.173
   9.444
  10.724
  11.533
   5.338
   6.292
   8.809
  10.167
  10.959
   9.094
  11.677
   9.954
   9.262
  11.517
   4.853
   6.055
   8.522
   9.739
  10.128
  10.298
  11.954
   9.860
  11.026
   9.095
   5.732
   7.952
   9.636
   7.132
   6.008
   9.745
  11.028
   9.605
  10.816
   5.129
   6.230
   8.736
   9.701
   9.307
  11.031
  11.808
   8.072
   9.246
  11.789
   9.811
   7.251
  10.503
  10.902
  10.829
   5.232
   6.478
   8.768
   9.852
  11.491
   9.461
  11.625
  10.537
   5.129
   6.182
   7.874
   9.850
   8.064
  10.752
   9.646
   6.602
   9.367
  10.693
   9.686
   4.764
   4.547
   7.216
   6.696
   9.378
   9.538
   6.193
   7.439
  10.871
  10.415
   8.512
  11.297
   5.862
   9.387
   9.740
   9.939
  11.087
  11.679
   9.255
   9.034
  10.267
   5.762
   9.485
  10.530
   8.513
   9.938
   8.631
  10.517
   8.225
   8.078
  11.807
  10.934
   8.873
   7.984
   7.511
  10.687
  11.706
   5.155
   6.130
   8.714
  10.192
  10.251
   4.953
   6.101
   8.662
   9.587
  10.460
   5.289
   6.451
   8.506
  10.196
  10.849
   5.447
   5.918
   8.540
  10.018
  10.702
  11.956
   4.884
   5.910
   8.223
   9.717
  10.124
  11.789
   5.563
   6.048
   8.585
   9.970
  10.672
   5.140
   6.089
   8.455
   9.942
  10.461
   5.348
   6.050
   8.596
   9.946
  10.562
   4.788
   5.886
   8.282
   9.668
   5.304
   6.111
   8.630
  11.949
   4.976
   5.947
   9.683
   5.306
   8.421
  10.562
   7.848
  10.517
   9.876
  11.177
  10.701
   9.210
  11.478
   9.456
   8.744
   7.802
   5.703
   5.546
   9.145
  10.079
   9.410
  11.142
   5.013
   5.992
   8.519
   9.774
  10.525
   4.891
   6.089
   8.555
   9.868
  10.316
   5.235
   6.275
   8.757
   9.932
  10.669
   5.117
   6.245
   8.585
   9.911
  10.642
   5.242
   6.091
   8.559
   9.924
  10.669
   5.034
   6.085
   8.601
   9.890
  10.644
   5.131
   6.233
   8.711
  10.082
  10.556
   5.029
   6.241
   8.759
   9.897
  10.600
   5.170
   6.389
   8.687
  10.047
  10.571
   5.234
   6.083
   8.530
   9.767
  10.867
   5.182
   6.083
   8.430
  10.109
  10.646
   5.266
   5.993
   8.743
  10.129
   4.922
   6.336
   8.760
   5.384
   6.319
   9.777
  11.126
   5.167
   7.664
   8.510
  10.671
   8.404
  10.402
  11.248
  10.065
  11.853
  10.140
  11.357
   9.267
   9.831
   8.387
   6.252
   6.152
   9.898
  10.978
   9.456
  11.599
  11.181
   5.152
   5.862
   8.818
  11.389
  11.193
   8.724
  11.521
  11.628
   8.068
   9.317
  11.933
  10.103
   5.216
   6.703
   8.505
   9.088
  10.572
   8.186
   5.139
   7.942
   8.763
   5.756
   6.738
  10.228
  10.491
   9.320
   6.126
   7.159
   8.658
  11.161
   9.312
   6.549
   9.955
  11.483
   9.160
  10.141
   8.172
  10.794
   9.840
   8.260
  11.971
   9.901
  11.981
   9.802
  10.390
   7.032
   6.442
   9.903
   9.440
   7.203
  10.163
  11.971
  11.996
   7.526
   4.923
   5.146
   8.672
   9.035
   8.209
  10.836
   5.451
   5.460
   8.269
   9.911
  10.054
  11.765
   4.793
   5.842
   8.591
   9.573
  10.218
   5.126
   6.568
   8.885
  10.096
  10.808
   4.988
   6.257
   8.698
   9.806
  10.496
   4.977
   6.325
   8.700
   9.940
  10.487
   5.175
   6.251
   8.649
   9.811
  10.797
  10.581
   5.068
   6.015
   8.339
   9.823
  10.695
  11.455
  11.843
   9.296
   5.289
   6.002
   8.663
   9.958
  10.273
  11.694
   5.035
   6.315
   8.881
   9.794
  10.400
  11.264
  10.029
  10.448
  11.781
  10.454
   5.111
   6.654
   8.887
   9.986
  11.013
   9.598
  10.676
  11.255
   7.654
   7.103
  10.081
   8.678
   6.852
  10.246
  11.431
   5.006
   6.267
   8.643
   9.925
   9.901
  10.988
   9.774
   8.228
  11.801
  11.305
   8.709
  11.284
   4.851
   6.008
   8.530
   8.629
  10.952
   9.812
   9.507
  11.278
   5.191
   6.342
   5.168
   7.521
   8.829
   6.205
   6.502
   9.949
  10.288
   9.421
  11.942
   5.188
   5.819
   6.699
   9.398
   7.694
   6.009
   9.747
  10.893
   9.155
  10.703
  11.572
   7.673
   9.528
  10.907
   9.796
   8.625
  10.993
   9.958
  10.124
   8.633
   8.785
   8.459
  11.313
  11.218
  11.419
   5.399
   6.402
   8.761
  10.757
  11.066
   9.355
  11.934
   9.602
   9.338
   4.854
   6.279
   9.305
   9.707
   9.960
   9.042
   9.661
  11.028
   8.577
   5.804
   8.894
   9.832
   7.009
   7.565
  11.174
  11.155
  11.090
   9.826
  10.539
   9.985
   5.102
   7.763
   9.646
  10.217
  11.198
  10.329
   9.486
  10.544
   8.939
   5.352
   6.838
   8.382
   6.086
   4.662
   8.451
   9.409
  11.275
  11.059
  10.264
  11.984
   5.737
   7.188
   9.095
  10.264
  11.759
  11.577
  10.584
  11.676
   8.000
   9.491
  11.854
   9.902
   8.141
  11.798
   4.908
   6.101
   8.445
   9.895
  10.434
  10.443
   8.672
   8.395
  11.173
  10.176
   7.065
   9.554
  10.401
   9.856
  11.930
   5.381
   6.156
   8.797
   9.954
  10.792
   9.598
  10.328
  10.737
   7.582
   5.782
   8.311
   8.256
   4.962
   6.316
   9.458
   8.927
   7.953
  11.036
  11.382
  11.390
  10.655
   5.081
   6.355
   8.713
  10.178
  10.666
  10.908
  11.954
  10.510
   8.237
  11.167
  11.862
   8.711
   9.183
  10.657
  11.618
   5.377
   6.396
   9.015
  10.130
  11.093
   9.305
  11.489
   9.996
   8.826
  10.095
  11.642
   4.792
   6.250
   8.485
   9.817
  10.578
  11.178
   9.465
  10.892
   9.173
   5.703
   7.754
   9.503
   6.933
   5.780
   9.522
  10.374
   8.612
  10.220
  11.290
  11.153
  11.827
   5.402
   6.213
   8.822
  10.066
  10.359
  10.547
  11.965
  11.307
   7.548
   8.024
  10.555
   8.887
   6.082
   9.302
  11.285
   9.497
   9.631
  11.976
   8.738
   9.134
   9.089
  10.666
   5.068
   6.441
   8.898
  10.560
  10.966
   9.229
  10.625
  11.767
   9.619
  11.121
   5.310
   6.512
   8.420
   9.840
   7.582
  10.473
   9.953
   6.633
   8.920
  11.823
  10.399
   9.336
  11.457
  11.357
  11.602
  11.378
  11.428
   4.888
   5.244
   7.606
   6.070
   8.417
   9.086
   5.805
   6.523
  10.092
   9.853
   8.263
  11.200
  10.618
   8.952
   7.968
   7.553
  10.953
  10.542
  11.548
   6.730
   9.896
   9.432
  11.934
   9.581
   9.821
  10.838
  11.187
  10.190
   7.869
   8.340
  11.557
  11.623
   9.172
  10.522
  11.486
   9.060
   8.940
  10.408
  11.645
  11.130
  10.549
  11.954
   9.865
   6.643
   6.997
   7.831
  11.503
   6.054
   9.343
  11.080
   9.005
   9.913
  10.356
   8.536
  10.161
   8.342
   6.132
   7.304
   9.492
   7.199
   9.869
   8.260
   7.782
  11.316
  11.659
   9.531
   7.943
   5.218
   8.366
  10.666
   9.939
   9.912
  11.127
   9.617
   9.181
   8.433
  10.572
   8.647
   8.437
   8.760
  11.550
  11.337
   8.172
  10.385
  11.962
  10.923
   9.974
   9.527
  10.901
   4.946
   6.436
   8.930
   9.789
  10.381
  11.365
  11.426
   9.072
  11.382
  11.693
   5.148
   6.442
   8.565
   9.756
  11.039
  11.828
  11.465
  11.832
   9.841
   8.759
  10.209
  10.753
  10.324
  11.465
   8.972
  10.044
   5.340
   6.028
   8.412
  10.135
  10.519
  11.913
  10.239
   8.785
   9.363
   8.574
   8.784
  11.386
  11.642
  11.689
   5.084
   5.894
   8.661
   9.762
  10.153
  11.981
  11.116
   9.801
  11.614
  11.027
  10.458
  11.538
   9.636
  10.885
   9.984
   4.975
   6.371
   8.607
   9.817
  10.657
   9.528
   9.584
  11.490
   9.925
   8.130
  10.410
  10.520
  10.497
  10.098
   8.694
   6.238
   8.218
   7.444
   8.780
  10.888
   5.317
   6.181
   8.564
  10.032
  10.855
  11.362
   9.476
  10.336
   9.600
   5.907
   6.081
   7.861
   6.435
   5.288
   8.520
   9.873
  11.437
  10.295
  10.174
   8.268
  11.247
  10.643
  10.944
   4.969
   5.903
   8.455
   9.788
  10.106
  11.848
  11.662
   8.699
   9.538
  10.258
   7.002
   5.363
   8.275
   8.615
   8.671
  11.522
  10.833
  10.006
   5.171
   6.124
   8.631
   9.815
  10.454
   9.541
  11.620
   8.824
   8.413
  11.623
  11.345
  10.207
  11.529
   8.841
   7.405
   7.345
   9.784
  10.815
   5.144
   6.301
   8.620
   9.897
  10.669
  10.754
  11.577
   9.181
   7.234
   9.914
  10.041
   6.573
   7.718
  10.832
  10.072
   8.386
  11.203
  11.670
  11.611
   9.481
  10.684
   9.950
   6.228
   6.522
   6.745
  10.229
  11.440
  11.666
   5.196
   6.072
   8.550
   9.850
  10.417
   8.920
   8.655
   9.539
   7.152
   4.122
   6.442
   7.553
   4.839
   4.974
   8.545
   9.069
   8.833
   9.387
  10.106
  10.485
   4.887
   5.946
   8.407
   9.549
   9.470
   9.432
  11.554
   9.855
   6.426
   8.794
  10.898
   8.552
   7.665
  11.431
  10.464
  10.193
  11.449
   5.162
   6.235
   8.705
   8.543
  10.001
   9.999
   7.586
  10.928
   9.991
  10.404
  10.462
   7.787
   7.743
  10.053
   4.952
   6.118
   4.899
   6.600
   8.636
   6.667
   4.912
   8.590
  10.091
   8.606
   9.665
  11.306
   8.608
  10.080
   4.960
   5.477
   5.251
   8.377
   7.933
   5.097
   7.682
  10.477
   9.709
   9.418
   7.451
   8.467
  11.851
  11.207
   8.689
  11.513
   8.109
  11.161
  10.382
   9.124
  11.427
   8.689
   9.220
   8.261
  10.775
   5.789
   6.048
   8.812
  10.395
  10.682
   4.959
   6.201
   8.644
   9.818
  10.315
   5.447
   6.395
   8.728
  10.005
  11.296
   5.120
   6.077
   8.459
  10.131
  10.453
  10.426
  11.530
   5.131
   5.985
   8.751
   9.873
  10.275
  11.310
   4.938
   6.469
   8.727
  10.492
   5.486
   6.311
   7.900
  10.626
   4.953
   5.307
   8.688
  11.167
  11.065
  11.886
   7.553
  11.282
  10.555
  10.167
  10.217
  11.540
  11.468
  10.549
  11.451
  10.552
  11.255
  11.556
  10.720
  10.929
  11.536
   8.801
  10.251
  10.100
   8.638
  11.361
   9.880
  10.740
   7.785
  10.168
  11.689
  10.304
   8.632
  11.911
  10.445
   9.018
  11.791
  11.235
   7.685
   9.945
  10.818
  10.152
   9.106
  11.063
  11.523
   9.386
   8.660
   8.669
   9.660
  10.158
   7.089
   5.462
   8.736
   8.794
   5.899
   8.370
  11.126
  10.487
  10.405
   9.619
  10.607
  10.498
   7.539
  10.521
   9.435
   9.674
  11.737
   4.940
   6.704
   7.477
   4.834
   4.177
   7.928
   8.539
   7.210
   9.725
   8.850
  10.874
   9.100
   8.292
  11.920
   9.436
  11.761
  10.361
  11.045
  10.479
   7.576
   9.880
   8.241
   6.569
  10.175
  11.743
  10.156
  11.830
  11.779
   9.326
  11.621
  11.762
   8.059
   8.454
  11.518
  10.433
   7.825
  10.960
  11.687
   8.631
   8.263
   7.420
   9.739
  10.462
   9.239
   8.468
   8.085
  11.335
  10.100
   9.433
  11.991
  10.932
   7.399
   9.673
   9.797
   8.160
   5.724
   6.796
   7.825
  11.089
   5.482
   5.976
   8.547
  10.053
  10.468
  11.341
   9.741
   7.689
  10.427
  10.624
   7.133
   8.273
  11.842
  11.258
   9.736
   8.792
   6.456
   8.540
   9.495
   5.041
   6.061
   8.656
   9.739
  10.492
   9.573
   9.167
  10.016
   7.687
   4.607
   7.040
   8.227
   5.499
   5.857
   8.830
  10.048
   8.809
  11.937
  11.665
  10.256
   7.379
   8.891
   9.168
   5.119
   6.239
   8.533
   9.838
  10.555
  10.743
  10.052
  10.429
   7.018
   9.568
  11.657
   9.325
   9.029
  11.391
  11.747
   9.501
  11.632
  11.753
  10.584
   5.092
   6.092
   8.691
   9.711
  10.524
   9.876
  10.450
  10.686
   8.225
  11.645
  10.714
  11.606
  11.796
   4.929
   6.376
   8.721
   9.930
  10.573
  10.826
   9.975
  11.267
   9.956
   6.233
   7.215
   9.296
   7.106
   5.312
   9.069
  10.338
   8.578
  10.274
  11.264
  11.860
  10.817
   5.002
   6.338
   8.839
   9.763
  10.382
  11.137
   8.995
  10.095
  10.027
   6.511
   5.497
   8.506
   7.892
   5.180
   8.124
  10.676
   9.825
  10.470
  11.911
   4.790
   6.307
   8.570
   9.528
  10.540
  11.835
   9.707
  11.955
   8.680
   8.433
  11.871
  11.206
   8.850
  11.905
   5.195
   6.301
   8.644
  10.046
  10.676
  10.917
   8.799
   7.657
  10.436
  10.219
   6.710
   8.099
  11.275
  10.218
   9.137
   4.937
   6.044
   8.651
   9.708
  10.339
   8.951
   9.108
   9.767
   6.960
   4.500
   7.007
   7.760
   4.824
   5.210
   8.753
   8.971
   8.260
  11.039
   4.918
   6.211
   8.527
   9.768
   9.806
  10.421
   9.908
   6.879
   9.538
  11.209
   8.548
   7.882
  11.683
  10.836
   5.174
   6.176
   8.662
   8.618
  10.622
   9.641
   7.701
  11.216
   9.904
  10.543
   5.044
   6.156
   5.013
   7.029
   8.394
   6.275
   4.679
   8.429
   9.837
   8.229
   9.412
   5.105
   5.898
   6.488
   9.275
   8.349
   5.292
   8.109
  10.779
   9.654
   9.375
   7.733
   9.517
  11.356
   8.843
  11.907
   8.624
  10.957
  10.139
   8.862
   8.835
   9.316
   7.925
  10.480
   5.837
   5.736
   8.396
  10.173
  10.433
  11.819
   4.824
   5.664
   8.231
   9.548
  10.190
  11.792
   5.625
   6.344
   8.497
  10.238
  10.968
  11.397
  11.513
  11.026
   5.127
   5.696
   8.345
   9.702
   9.990
  11.826
  11.950
  11.082
   5.176
   6.093
   8.524
   9.739
  10.554
  11.949
   5.257
   6.151
   8.504
   9.976
  10.957
  11.498
   9.194
  10.651
  10.858
   5.060
   5.971
   8.603
   9.970
  10.175
  11.805
  11.809
  10.918
   7.988
   6.425
   8.445
   9.821
   4.869
   6.131
   8.719
   9.603
  10.114
  11.045
  11.397
   9.443
   8.994
  11.786
   5.126
   6.575
   8.774
   9.926
  11.213
  11.532
  11.999
  11.082
   9.756
   5.230
   6.186
   8.567
  10.201
  10.081
   9.878
   9.763
   8.243
   6.472
   9.643
  11.507
   4.892
   5.835
   8.572
   9.843
  11.068
   9.496
   6.692
   7.340
   6.586
   6.831
  10.509
   5.151
   6.495
   8.012
  10.581
  10.727
   9.942
   9.709
   8.246
  10.167
  10.245
  10.387
   5.406
   5.065
   8.241
   9.605
  10.703
  10.087
   8.742
  10.206
  10.630
  10.038
   5.974
   9.651
  11.492
   9.225
   7.387
   5.505
   6.670
   7.899
   8.186
  11.832
   9.400
  10.158
   9.379
   5.671
   4.774
   4.420
   7.508
   9.481
  10.909
   6.579
  10.377
  11.074
  11.546
   9.030
   6.296
   6.955
   7.857
  10.765
   9.963
  11.783
   9.887
   9.937
  10.190
  10.192
  10.502
   8.533
  10.814
  10.941
   8.104
   6.117
   7.482
  10.581
  11.055
  10.676
  11.534
  10.661
   5.353
   6.646
   8.831
  10.203
  10.827
   5.034
   6.204
   8.784
   9.718
  10.592
   4.947
   6.355
   8.594
   9.937
  10.617
   5.089
   6.044
   8.585
   9.827
  10.485
  10.876
   9.158
  10.455
  11.245
   4.924
   6.180
   8.624
   9.876
  10.604
  11.483
   8.631
   9.664
  11.382
   5.249
   6.233
   8.621
   9.994
  10.655
  11.932
   9.394
  11.634
   5.065
   6.034
   8.540
   9.818
  10.984
  10.547
  11.353
  11.920
   8.676
   6.989
   9.915
  11.963
   5.267
   6.293
   8.745
  10.377
  10.513
   8.941
   8.601
   9.498
   7.092
   4.080
   6.499
   9.122
  11.730
   5.130
   6.202
   8.954
   9.662
   9.504
   9.485
  11.602
   9.773
   6.493
   8.851
   5.043
   6.668
   8.703
   8.461
   9.951
  11.946
   9.585
   7.503
  10.876
   5.496
   6.314
   4.901
   6.685
   8.386
   6.204
   4.907
   8.590
  11.591
   4.665
   5.157
   5.360
   8.459
   7.850
   5.385
   7.929
  11.567
   7.424
   8.781
  11.968
  11.074
   8.960
  11.739
   8.407
  11.153
  10.332
   9.557
   8.652
   9.128
   8.412
  10.680
   5.580
   6.062
   8.642
  11.331
   4.963
   5.884
   8.724
   5.595
   6.767
  10.511
   7.156
  10.862
  10.198
  10.552
  10.594
  10.740
  10.430
   9.378
   9.632
  10.141
  10.717
  10.623
  10.700
  10.708
  10.609
  10.622
  10.557
  10.385
  10.604
  10.728
  10.089
  10.376
  10.651
