1	4
2	5
3	6
4	7
5	8
6	9
7	10
7	58
7	59
7	60
8	11
8	57
8	58
8	59
8	60
9	12
9	57
9	58
9	59
9	60
9	61
10	13
10	56
10	57
10	58
10	59
10	60
10	61
11	14
11	56
11	57
11	58
11	59
11	60
11	61
12	15
12	58
12	59
12	60
13	16
13	58
14	17
15	18
16	19
17	20
18	21
19	22
20	23
21	24
22	25
23	26
24	27
25	28
25	48
26	29
26	46
26	47
26	48
26	49
26	50
27	30
27	44
27	45
27	46
27	47
27	48
27	49
27	50
28	31
28	32
28	44
28	45
28	46
28	47
28	48
28	49
28	50
29	32
29	33
29	34
29	41
29	42
29	43
29	44
29	45
29	46
29	47
29	48
29	49
30	33
30	34
30	41
30	42
30	43
30	44
30	45
30	46
30	47
30	48
30	49
31	34
31	35
31	42
31	43
31	44
31	45
31	46
31	47
31	48
31	49
32	35
32	40
32	41
32	42
32	43
32	44
32	45
32	46
32	47
32	48
33	36
33	37
33	38
33	40
33	41
33	42
33	43
33	44
33	45
33	46
33	47
34	37
34	38
34	39
34	40
34	41
34	42
34	43
34	44
34	45
34	46
34	47
35	38
35	39
35	40
35	41
35	42
35	43
35	44
35	45
35	46
36	39
36	40
36	41
36	42
36	43
36	44
36	45
37	40
37	41
37	42
38	41
38	42
39	42
39	43
40	43
40	44
40	45
40	46
41	44
41	45
41	46
41	47
42	45
42	46
43	46
44	47
45	48
46	49
47	50
48	51
49	52
50	53
51	54
52	55
53	56
54	57
55	58
56	59
57	60
58	61
59	62
60	63
61	64
61	749
62	65
62	745
62	746
62	749
62	750
62	752
62	753
63	66
63	745
63	746
63	747
63	748
63	749
63	750
63	751
63	752
63	753
63	754
63	755
63	756
63	757
64	67
64	740
64	741
64	745
64	746
64	747
64	748
64	749
64	750
64	751
64	752
64	753
64	754
64	755
64	756
64	757
64	763
64	766
65	68
65	736
65	740
65	741
65	746
65	747
65	748
65	749
65	750
65	751
65	752
65	753
65	754
65	755
65	756
65	757
65	758
65	759
65	760
65	761
65	762
65	763
65	764
65	765
65	766
65	767
66	69
66	734
66	735
66	736
66	737
66	738
66	739
66	740
66	741
66	742
66	746
66	747
66	748
66	749
66	750
66	751
66	752
66	753
66	754
66	755
66	757
66	759
66	760
66	761
66	762
66	763
66	764
66	765
66	766
66	767
66	769
67	70
67	705
67	706
67	708
67	733
67	734
67	735
67	736
67	737
67	738
67	739
67	740
67	741
67	747
67	750
67	751
67	753
67	754
67	755
67	757
67	759
67	760
67	761
67	762
67	763
67	764
67	765
67	766
68	71
68	701
68	702
68	703
68	704
68	705
68	706
68	707
68	708
68	734
68	735
68	736
68	737
68	738
68	739
68	740
68	741
68	759
68	761
68	762
68	763
68	765
68	766
69	72
69	700
69	701
69	702
69	703
69	704
69	705
69	706
69	707
69	708
69	709
69	734
69	735
69	736
69	737
69	738
69	739
69	740
69	761
69	762
70	73
70	672
70	673
70	674
70	700
70	701
70	702
70	703
70	704
70	705
70	706
70	707
70	708
70	734
70	735
70	736
71	74
71	671
71	672
71	673
71	674
71	675
71	700
71	701
71	702
71	703
71	704
71	705
71	706
71	707
71	708
71	735
72	75
72	670
72	671
72	672
72	673
72	674
72	675
72	676
72	677
72	678
72	700
72	703
72	704
72	705
72	706
72	707
73	76
73	665
73	670
73	671
73	672
73	673
73	674
73	675
73	676
73	677
73	678
73	679
73	704
73	706
73	707
74	77
74	665
74	666
74	667
74	668
74	669
74	670
74	671
74	672
74	673
74	674
74	675
74	676
74	677
74	678
74	679
75	78
75	664
75	665
75	666
75	667
75	669
75	670
75	671
75	675
75	676
75	679
76	79
76	663
76	664
76	665
76	666
76	667
76	669
76	670
76	671
77	80
77	660
77	662
77	663
77	664
77	665
77	666
77	670
78	81
78	546
78	547
78	548
78	660
78	661
78	662
78	663
78	664
78	665
79	82
79	546
79	547
79	548
79	549
79	550
79	662
79	663
79	664
80	83
80	543
80	544
80	545
80	546
80	547
80	548
80	549
80	550
80	551
80	553
80	661
80	662
80	663
80	664
81	84
81	543
81	544
81	545
81	546
81	547
81	548
81	549
81	550
81	551
81	552
81	553
82	85
82	544
82	547
82	548
82	549
82	550
82	551
82	552
82	553
82	554
83	86
83	548
83	549
83	550
83	551
83	552
83	553
84	87
84	549
84	550
84	551
84	552
85	88
85	551
85	552
86	89
86	551
87	90
88	91
89	92
90	93
91	94
92	95
93	96
94	97
95	98
96	99
97	100
98	101
98	104
99	102
99	103
99	104
99	105
100	103
100	104
100	105
100	106
101	104
101	105
101	106
101	107
101	108
102	105
102	106
102	107
102	108
102	109
103	106
103	107
103	108
103	109
103	110
104	107
104	108
104	109
104	110
104	111
105	108
105	109
105	110
105	111
105	112
106	109
106	110
106	111
106	112
106	113
107	110
107	111
107	112
107	113
108	111
108	112
108	113
109	112
109	113
109	114
109	120
110	113
110	114
110	115
110	120
111	114
111	115
111	119
111	120
112	115
112	119
112	120
112	121
112	122
113	116
113	117
113	118
113	119
113	120
113	121
113	122
114	117
114	118
114	119
114	120
114	121
114	122
114	123
114	125
115	118
115	119
115	120
115	121
115	122
115	125
115	126
115	128
115	129
116	119
116	120
116	121
116	122
116	123
116	124
116	125
116	126
116	127
116	128
116	129
117	120
117	121
117	122
117	123
117	124
117	125
117	126
118	121
118	122
118	123
118	124
118	125
118	126
118	127
118	128
118	129
119	122
119	123
119	124
119	125
119	126
119	129
120	123
120	124
120	125
121	124
121	125
122	125
122	126
123	126
124	127
125	128
125	129
125	130
126	129
126	130
126	131
126	132
127	130
127	131
127	132
127	133
127	134
127	135
128	131
128	132
128	133
128	134
128	135
128	136
129	132
129	133
129	134
129	135
129	136
130	133
130	134
130	135
130	136
130	137
131	134
131	135
131	136
131	137
131	138
132	135
132	136
132	137
132	138
132	139
132	140
133	136
133	137
133	138
133	139
133	140
134	137
134	138
134	139
134	140
135	138
135	139
135	140
135	141
136	139
136	140
136	141
137	140
137	141
138	141
139	142
140	143
141	144
142	145
142	175
142	176
142	178
142	179
143	146
143	149
143	175
143	176
143	178
143	179
144	147
144	148
144	149
144	150
144	171
144	172
144	173
144	174
144	175
144	176
144	177
144	178
144	179
144	180
144	181
144	182
145	148
145	149
145	150
145	151
145	171
145	172
145	174
145	175
145	176
145	177
145	178
145	179
145	182
146	149
146	150
146	151
146	152
146	153
146	167
146	168
146	170
146	171
146	172
146	173
146	174
146	175
146	176
146	177
146	178
146	179
146	207
147	150
147	151
147	152
147	153
147	154
147	167
147	168
147	170
147	171
147	174
147	175
148	151
148	152
148	153
148	154
148	155
148	163
148	164
148	165
148	166
148	167
148	168
148	169
148	170
148	171
148	172
148	173
148	174
148	175
149	152
149	153
149	154
149	155
149	156
149	164
149	165
149	166
149	167
149	168
149	169
149	170
149	171
149	172
149	173
149	174
149	175
150	153
150	154
150	155
150	156
150	157
150	164
150	167
150	168
150	170
150	171
151	154
151	155
151	156
151	157
151	158
151	160
151	161
151	163
151	164
151	165
151	166
151	167
151	168
151	169
151	170
151	171
152	155
152	156
152	157
152	158
152	159
152	160
152	161
152	162
152	163
152	164
152	165
152	166
152	167
152	168
152	169
152	170
152	171
152	172
153	156
153	157
153	158
153	159
153	160
153	161
153	162
153	163
153	164
153	165
153	166
153	167
153	168
153	171
154	157
154	158
154	159
154	160
154	161
154	162
154	163
154	164
154	165
154	167
154	168
155	158
155	159
155	160
155	161
155	162
155	163
155	164
155	165
155	166
155	167
155	168
156	159
156	160
156	161
156	162
156	163
156	164
156	165
156	166
156	167
156	168
157	160
157	161
157	162
157	163
157	164
157	165
158	161
158	162
158	163
158	164
159	162
159	163
159	164
159	165
160	163
160	164
160	165
160	166
160	167
161	164
161	165
161	166
161	167
161	168
162	165
162	166
162	167
162	168
162	169
163	166
163	167
163	168
163	169
163	170
164	167
164	168
164	169
164	170
164	171
165	168
165	169
165	170
165	171
165	172
166	169
166	170
166	171
166	172
166	173
167	170
167	171
167	172
167	173
167	174
168	171
168	172
168	173
168	174
168	175
169	172
169	173
169	174
169	175
169	176
169	206
170	173
170	174
170	175
170	176
170	177
170	206
170	207
170	208
170	209
171	174
171	175
171	176
171	177
171	178
171	179
171	206
171	207
171	208
172	175
172	176
172	177
172	178
172	179
172	206
172	207
173	176
173	177
173	178
173	179
173	180
173	202
173	203
173	204
173	205
173	206
173	207
173	208
173	209
173	210
174	177
174	178
174	179
174	180
174	181
174	182
174	202
174	203
174	204
174	205
174	206
174	207
174	208
174	209
174	210
174	213
175	178
175	179
175	180
175	181
175	182
175	202
175	203
175	206
175	207
176	179
176	180
176	181
176	182
176	183
176	199
176	200
176	201
176	202
176	203
176	204
176	205
176	206
176	207
176	208
176	210
177	180
177	181
177	182
177	183
177	184
177	199
177	200
177	201
177	202
177	203
177	204
177	205
177	206
177	207
177	208
177	209
177	210
177	211
177	212
177	213
177	214
178	181
178	182
178	183
178	184
178	185
178	199
178	200
178	201
178	202
178	203
178	204
178	205
178	206
178	207
178	208
178	209
178	210
178	212
178	213
179	182
179	183
179	184
179	185
179	186
179	199
179	200
179	201
179	202
179	203
179	204
179	206
179	207
179	213
180	183
180	184
180	185
180	186
180	187
180	195
180	196
180	197
180	198
180	199
180	200
180	201
180	202
180	203
180	204
180	205
180	206
180	207
180	210
180	213
180	214
180	216
180	217
181	184
181	185
181	186
181	187
181	188
181	195
181	196
181	197
181	198
181	199
181	200
181	201
181	202
181	203
181	204
181	205
181	206
181	207
181	210
181	211
181	212
181	213
181	214
181	215
181	216
181	217
182	185
182	186
182	187
182	188
182	189
182	196
182	197
182	199
182	200
182	201
182	202
182	203
182	204
182	212
182	213
182	216
183	186
183	187
183	188
183	189
183	190
183	192
183	193
183	195
183	196
183	197
183	198
183	199
183	200
183	201
183	202
183	203
183	213
183	216
183	217
184	187
184	188
184	189
184	190
184	191
184	192
184	193
184	194
184	195
184	196
184	197
184	198
184	199
184	200
184	201
184	202
184	203
184	204
184	212
184	213
184	214
184	215
184	216
184	217
184	218
184	219
184	220
185	188
185	189
185	190
185	191
185	192
185	193
185	194
185	195
185	196
185	197
185	198
185	199
185	200
185	203
185	212
185	213
185	215
185	216
185	217
185	219
185	220
185	280
185	281
185	282
185	394
186	189
186	190
186	191
186	192
186	193
186	195
186	196
186	197
186	199
186	200
186	216
186	220
186	394
186	396
187	190
187	191
187	192
187	193
187	194
187	195
187	196
187	197
187	198
187	199
187	200
187	216
187	217
187	220
187	390
187	394
188	191
188	192
188	193
188	194
188	195
188	196
188	197
188	198
188	199
188	200
188	216
188	217
188	218
188	219
188	220
188	221
188	222
188	223
188	224
188	282
188	390
188	391
188	392
188	393
188	394
188	395
188	396
189	192
189	193
189	194
189	195
189	196
189	216
189	220
189	280
189	281
189	282
189	390
189	391
189	392
189	393
189	394
189	395
189	396
189	397
189	398
189	399
190	193
190	194
190	195
190	196
190	220
190	390
190	391
190	393
190	394
190	395
190	396
190	397
190	398
190	399
190	400
191	194
191	195
191	196
191	197
191	219
191	220
191	221
191	223
191	224
191	387
191	388
191	389
191	390
191	391
191	392
191	393
191	394
191	395
191	396
191	397
191	398
191	399
191	400
192	195
192	196
192	197
192	198
192	199
192	220
192	221
192	223
192	224
192	390
192	391
192	394
192	399
193	196
193	197
193	198
193	199
193	200
193	201
193	216
193	217
193	218
193	219
193	220
193	221
193	222
193	223
193	224
193	225
193	226
193	390
193	391
193	394
194	197
194	198
194	199
194	200
194	201
194	217
194	218
194	219
194	220
194	221
194	222
194	223
194	224
194	225
194	226
194	229
195	198
195	199
195	200
195	201
195	202
195	217
195	220
195	221
195	223
195	224
196	199
196	200
196	201
196	202
196	203
196	213
196	214
196	215
196	216
196	217
196	218
196	219
196	220
196	221
196	222
196	223
196	224
197	200
197	201
197	202
197	203
197	204
197	213
197	214
197	215
197	216
197	217
197	218
197	219
197	220
197	221
197	222
197	223
197	224
197	226
197	229
197	230
197	233
198	201
198	202
198	203
198	204
198	205
198	213
198	214
198	216
198	217
198	218
198	219
198	220
198	221
198	229
198	233
199	202
199	203
199	204
199	205
199	206
199	207
199	213
199	214
199	216
199	217
199	218
199	220
199	221
200	203
200	204
200	205
200	206
200	207
200	210
200	211
200	212
200	213
200	214
200	215
200	216
200	217
200	218
200	219
200	220
200	221
200	229
200	233
200	237
201	204
201	205
201	206
201	207
201	208
201	210
201	211
201	212
201	213
201	214
201	215
201	216
201	217
201	218
201	219
201	220
201	221
201	229
201	230
201	232
201	233
201	234
201	236
201	237
202	205
202	206
202	207
202	208
202	210
202	213
202	214
202	216
202	217
203	206
203	207
203	208
203	209
203	210
203	211
203	212
203	213
203	214
203	215
203	216
203	217
203	237
203	240
204	207
204	208
204	209
204	210
204	211
204	212
204	213
204	214
204	215
204	216
204	217
204	218
204	233
204	234
204	236
204	237
204	238
204	239
204	240
204	241
205	208
205	209
205	210
205	211
205	212
205	213
205	214
205	217
205	233
205	236
205	237
205	240
206	209
206	210
206	211
206	213
206	214
206	240
207	210
207	211
207	212
207	213
207	214
207	215
207	236
207	237
207	239
207	240
207	241
207	242
208	211
208	212
208	213
208	214
208	236
208	237
208	238
208	239
208	240
208	241
208	242
208	243
209	212
209	213
209	214
209	215
209	236
209	237
209	238
209	239
209	240
209	241
209	242
209	243
209	245
209	247
209	249
209	250
209	253
210	213
210	214
210	215
210	216
210	217
210	233
210	236
210	237
210	238
210	239
210	240
210	241
210	242
210	249
210	250
210	253
210	254
211	214
211	215
211	216
211	217
211	218
211	233
211	234
211	235
211	236
211	237
211	238
211	239
211	240
211	241
211	242
211	243
211	245
211	249
211	250
211	251
211	252
211	253
211	254
211	255
211	256
211	257
212	215
212	216
212	217
212	218
212	219
212	233
212	234
212	235
212	236
212	237
212	238
212	239
212	240
212	241
212	242
212	249
212	250
212	251
212	252
212	253
212	254
212	255
212	256
212	257
212	276
212	277
213	216
213	217
213	218
213	219
213	220
213	233
213	234
213	235
213	236
213	237
213	238
213	239
213	240
213	241
213	253
213	257
214	217
214	218
214	219
214	220
214	221
214	229
214	230
214	231
214	232
214	233
214	234
214	235
214	236
214	237
214	238
214	239
214	240
214	241
214	253
214	254
214	256
214	257
214	260
215	218
215	219
215	220
215	221
215	222
215	229
215	230
215	231
215	232
215	233
215	234
215	235
215	236
215	237
215	238
215	239
215	240
215	241
215	252
215	253
215	254
215	255
215	256
215	257
215	258
215	259
215	260
215	261
216	219
216	220
216	221
216	222
216	223
216	229
216	230
216	231
216	232
216	233
216	234
216	235
216	236
216	237
216	253
216	256
216	257
216	260
216	282
216	283
217	220
217	221
217	222
217	223
217	224
217	226
217	227
217	228
217	229
217	230
217	231
217	232
217	233
217	234
217	235
217	236
217	237
218	221
218	222
218	223
218	224
218	225
218	226
218	227
218	228
218	229
218	230
218	231
218	232
218	233
218	234
218	235
218	236
218	237
218	238
218	256
218	257
218	260
218	261
219	222
219	223
219	224
219	225
219	226
219	227
219	228
219	229
219	230
219	231
219	232
219	233
219	234
219	237
219	256
219	257
219	259
219	260
219	261
219	282
219	389
219	390
219	393
220	223
220	224
220	225
220	226
220	227
220	228
220	229
220	230
220	231
220	233
220	234
220	389
220	390
220	393
221	224
221	225
221	226
221	227
221	228
221	229
221	230
221	231
221	232
221	233
221	234
221	390
221	619
221	622
221	623
222	225
222	226
222	227
222	228
222	229
222	230
222	231
222	232
222	233
222	234
222	260
222	261
222	386
222	387
222	389
222	390
222	619
222	622
222	623
222	626
223	226
223	227
223	229
223	230
223	385
223	386
223	387
223	388
223	389
223	390
223	391
223	392
223	393
223	394
223	622
223	623
223	626
223	627
224	227
224	228
224	229
224	230
224	386
224	387
224	389
224	390
224	619
224	620
224	622
224	623
224	624
224	626
224	627
225	228
225	229
225	230
225	231
225	383
225	386
225	387
225	389
225	390
225	616
225	618
225	619
225	620
225	621
225	622
225	623
225	624
225	625
225	626
225	627
225	628
226	229
226	230
226	231
226	232
226	233
226	615
226	616
226	617
226	618
226	619
226	620
226	621
226	622
226	623
226	624
226	625
226	626
226	627
227	230
227	231
227	232
227	233
227	234
227	260
227	261
227	614
227	615
227	616
227	617
227	618
227	619
227	620
227	621
227	622
227	623
227	624
227	626
228	231
228	232
228	233
228	234
228	235
228	613
228	614
228	615
228	616
228	617
228	618
228	619
228	620
228	621
228	622
228	623
229	232
229	233
229	234
229	235
229	236
229	615
229	616
229	618
229	619
229	620
229	622
230	233
230	234
230	235
230	236
230	237
230	257
230	260
230	261
230	615
230	618
230	619
230	622
231	234
231	235
231	236
231	237
231	238
231	257
231	258
231	259
231	260
231	261
231	262
231	615
231	618
231	619
232	235
232	236
232	237
232	238
232	239
232	257
232	260
232	261
232	615
233	236
233	237
233	238
233	239
233	240
233	257
233	260
233	261
234	237
234	238
234	239
234	240
234	241
234	253
234	254
234	255
234	256
234	257
234	258
234	259
234	260
234	261
234	262
235	238
235	239
235	240
235	241
235	253
235	254
235	256
235	257
235	258
235	259
235	260
235	261
236	239
236	240
236	241
236	242
236	253
236	254
236	257
236	261
237	240
237	241
237	242
237	243
237	250
237	252
237	253
237	254
237	255
237	256
237	257
237	258
237	260
237	261
238	241
238	242
238	243
238	244
238	250
238	251
238	252
238	253
238	254
238	255
238	256
238	257
238	258
238	259
238	260
238	261
239	242
239	243
239	253
239	254
239	257
240	243
240	244
240	245
240	250
240	253
240	254
240	257
241	244
241	245
241	246
241	247
241	249
241	250
241	251
241	252
241	253
241	254
241	255
241	256
241	257
242	245
242	246
242	247
242	248
242	249
242	250
242	251
242	253
242	254
243	246
243	247
243	250
243	251
243	254
244	247
244	248
244	250
244	251
244	254
245	248
245	249
245	250
245	251
245	252
245	253
245	254
246	249
246	250
246	251
246	252
246	253
246	254
247	250
247	251
247	252
247	253
247	254
247	274
247	275
247	276
247	277
248	251
248	252
248	253
248	254
248	255
248	270
248	271
248	273
248	274
248	275
248	276
248	277
248	278
249	252
249	253
249	254
249	255
249	256
249	270
249	271
249	273
249	274
249	275
249	276
249	277
249	278
249	283
250	253
250	254
250	255
250	256
250	257
250	270
250	271
250	274
250	275
250	276
250	277
251	254
251	255
251	256
251	257
251	258
251	267
251	270
251	271
251	272
251	273
251	274
251	275
251	276
251	277
252	255
252	256
252	257
252	258
252	259
252	267
252	268
252	269
252	270
252	271
252	272
252	273
252	274
252	275
252	276
252	277
252	278
252	283
252	286
252	287
253	256
253	257
253	258
253	259
253	260
253	267
253	270
253	271
253	274
253	275
253	276
253	277
253	283
254	257
254	258
254	259
254	260
254	261
254	263
254	266
254	267
254	268
254	270
254	271
254	273
254	274
254	275
254	276
255	258
255	259
255	260
255	261
255	262
255	263
255	264
255	265
255	266
255	267
255	268
255	269
255	270
255	271
255	272
255	273
255	274
255	275
255	276
255	286
255	287
255	290
256	259
256	260
256	261
256	262
256	263
256	264
256	266
256	267
256	268
256	269
256	270
256	271
256	272
256	273
256	274
256	275
256	276
256	277
256	282
256	283
256	286
256	287
256	290
257	260
257	261
257	262
257	263
257	264
257	266
257	267
257	268
257	270
257	271
258	261
258	262
258	263
258	264
258	265
258	266
258	267
258	268
258	269
258	270
258	271
259	262
259	263
259	264
259	265
259	266
259	267
259	268
259	269
259	270
259	271
259	272
259	286
259	287
259	289
259	290
259	293
260	263
260	264
260	266
260	267
260	268
260	271
260	286
260	290
261	264
261	265
261	266
261	267
261	268
262	265
262	266
262	267
262	268
263	266
263	267
263	268
263	269
263	270
263	271
264	267
264	268
264	269
264	270
264	271
264	272
264	289
264	290
264	291
264	293
264	294
265	268
265	269
265	270
265	271
265	290
265	291
265	293
265	294
265	295
266	269
266	270
266	271
266	272
266	273
266	290
266	293
266	294
267	270
267	271
267	272
267	273
267	274
267	286
267	287
267	290
267	291
267	293
267	294
268	271
268	272
268	273
268	274
268	286
268	287
268	288
268	289
268	290
268	291
268	292
268	293
268	294
268	295
268	296
269	272
269	273
269	274
269	286
269	287
269	288
269	289
269	290
269	291
269	292
269	293
269	294
269	295
269	296
270	273
270	274
270	275
270	276
270	287
270	290
270	291
270	294
271	274
271	275
271	276
271	277
271	283
271	284
271	285
271	286
271	287
271	288
271	289
271	290
271	291
271	293
271	294
272	275
272	276
272	283
272	284
272	285
272	286
272	287
272	288
272	289
272	290
272	291
272	292
272	293
272	294
272	296
272	299
272	300
272	303
273	276
273	287
273	290
273	291
274	277
274	278
274	283
274	284
274	286
274	287
274	290
275	278
275	279
275	280
275	283
275	284
275	287
276	279
276	280
276	281
276	282
276	283
276	284
276	285
276	286
276	287
277	280
277	281
277	282
277	283
277	284
277	286
277	287
278	281
278	282
278	283
278	284
278	287
279	282
279	283
279	284
279	285
279	307
280	283
280	284
280	285
280	286
280	287
280	307
280	393
280	394
280	395
281	284
281	285
281	286
281	287
281	288
281	303
281	304
281	306
281	307
281	308
281	309
281	311
281	312
281	391
281	392
281	393
281	394
281	395
281	396
282	285
282	286
282	287
282	288
282	289
282	303
282	304
282	307
282	311
282	312
282	389
282	390
282	391
282	392
282	393
282	394
282	395
282	396
283	286
283	287
283	288
283	289
283	290
283	303
283	304
283	307
283	392
283	393
283	394
283	395
284	287
284	288
284	289
284	290
284	291
284	299
284	300
284	301
284	302
284	303
284	304
284	305
284	306
284	307
284	308
284	309
284	311
284	312
284	392
284	393
284	394
284	395
285	288
285	289
285	290
285	291
285	292
285	299
285	300
285	301
285	302
285	303
285	304
285	305
285	306
285	307
285	308
285	309
285	310
285	311
285	312
285	313
285	314
285	315
285	316
285	389
285	391
285	392
285	393
285	394
285	395
286	289
286	290
286	291
286	292
286	293
286	299
286	300
286	303
286	304
286	312
286	315
286	389
286	392
286	393
286	394
287	290
287	291
287	292
287	293
287	294
287	296
287	297
287	298
287	299
287	300
287	301
287	302
287	303
287	304
287	306
287	307
287	312
287	393
288	291
288	292
288	293
288	294
288	295
288	296
288	297
288	298
288	299
288	300
288	301
288	302
288	303
288	304
288	305
288	306
288	307
288	311
288	312
288	313
288	315
288	316
288	319
288	393
289	292
289	293
289	294
289	295
289	296
289	297
289	298
289	299
289	300
289	301
289	302
289	303
289	304
289	312
289	315
289	316
289	318
289	319
289	392
289	393
290	293
290	294
290	295
290	296
290	297
290	298
290	299
290	300
290	301
290	303
291	294
291	295
291	296
291	297
291	298
291	299
291	300
291	301
291	302
291	303
291	304
291	319
292	295
292	296
292	297
292	298
292	299
292	300
292	301
292	302
292	303
292	304
292	315
292	316
292	318
292	319
292	320
292	322
292	323
293	296
293	297
293	298
293	299
293	300
293	319
294	297
294	298
294	299
294	300
295	298
295	299
295	300
295	301
295	319
295	322
295	323
296	299
296	300
296	301
296	302
296	303
296	319
296	320
296	322
296	323
297	300
297	301
297	302
297	303
297	304
297	315
297	316
297	317
297	318
297	319
297	320
297	321
297	322
297	323
297	324
297	325
298	301
298	302
298	303
298	304
298	305
298	315
298	316
298	317
298	318
298	319
298	320
298	321
298	322
298	323
298	324
298	325
299	302
299	303
299	304
299	305
299	306
299	316
299	319
299	320
299	323
300	303
300	304
300	305
300	306
300	307
300	312
300	313
300	315
300	316
300	317
300	318
300	319
300	320
300	322
300	323
301	304
301	305
301	306
301	307
301	308
301	312
301	313
301	314
301	315
301	316
301	317
301	318
301	319
301	320
301	321
301	322
301	323
301	325
301	328
301	329
301	332
302	305
302	306
302	307
302	308
302	312
302	313
302	315
302	316
302	319
302	320
303	306
303	307
303	308
303	309
303	312
303	313
303	315
303	316
303	319
304	307
304	308
304	309
304	310
304	311
304	312
304	313
304	314
304	315
304	316
304	317
304	318
304	319
304	320
304	332
304	395
305	308
305	309
305	310
305	311
305	312
305	313
305	314
305	315
305	316
305	317
305	319
305	320
305	328
305	329
305	331
305	332
306	309
306	312
306	313
306	316
307	310
307	311
307	312
307	313
307	314
307	315
307	316
307	395
308	311
308	312
308	313
308	314
308	315
308	316
308	317
308	331
308	332
308	333
308	335
308	336
308	395
309	312
309	313
309	314
309	315
309	316
309	317
309	332
309	333
309	335
309	336
309	337
309	338
309	339
309	340
309	392
309	393
309	394
309	395
309	396
309	397
310	313
310	314
310	315
310	316
310	317
310	332
310	333
310	334
310	335
310	336
310	337
310	338
310	339
310	340
310	341
310	343
310	345
310	346
310	391
310	392
310	393
310	394
310	395
310	396
310	397
310	398
310	400
310	401
311	314
311	315
311	316
311	317
311	318
311	332
311	333
311	335
311	336
311	337
311	339
311	340
311	343
311	345
311	346
311	388
311	389
311	390
311	391
311	392
311	393
311	394
311	395
311	396
311	397
311	398
311	400
311	401
312	315
312	316
312	317
312	318
312	319
312	320
312	329
312	332
312	333
312	335
312	336
312	345
312	346
312	392
312	393
312	394
312	395
312	396
312	397
313	316
313	317
313	318
313	319
313	320
313	328
313	329
313	330
313	331
313	332
313	333
313	334
313	335
313	336
313	337
313	338
313	339
313	340
313	343
313	345
313	346
313	347
313	349
313	350
313	392
313	395
314	317
314	318
314	319
314	320
314	321
314	328
314	329
314	330
314	331
314	332
314	333
314	334
314	335
314	336
314	337
314	338
314	339
314	340
314	343
314	344
314	345
314	346
314	347
314	348
314	349
314	350
314	353
314	392
314	395
315	318
315	319
315	320
315	321
315	322
315	328
315	329
315	330
315	331
315	332
315	333
315	335
315	336
315	345
315	346
315	348
315	349
315	350
315	392
315	393
315	395
316	319
316	320
316	321
316	322
316	323
316	324
316	325
316	326
316	327
316	328
316	329
316	330
316	331
316	332
316	333
316	334
316	335
316	336
316	346
316	349
316	350
316	353
317	320
317	321
317	322
317	323
317	324
317	325
317	326
317	327
317	328
317	329
317	330
317	331
317	332
317	333
317	334
317	335
317	336
317	337
317	345
317	346
317	347
317	348
317	349
317	350
317	351
317	352
317	353
317	354
318	321
318	322
318	323
318	324
318	325
318	326
318	327
318	328
318	329
318	330
318	331
318	332
318	333
318	336
318	345
318	346
318	347
318	348
318	349
318	350
318	351
318	352
318	353
318	354
318	356
319	322
319	323
319	324
319	325
319	326
319	327
319	328
319	329
319	330
319	332
319	333
319	349
319	350
319	352
319	353
320	323
320	324
320	325
320	326
320	327
320	328
320	329
320	330
320	331
320	332
320	333
320	349
320	350
320	352
320	353
321	324
321	325
321	326
321	327
321	328
321	329
321	330
321	331
321	332
321	333
321	349
321	350
321	351
321	352
321	353
321	354
321	355
321	356
321	357
322	325
322	326
322	327
322	328
322	329
322	349
322	350
322	352
322	353
322	356
322	357
323	326
323	327
323	328
323	329
323	353
323	356
324	327
324	328
324	329
324	330
324	352
324	353
324	354
324	356
324	357
325	328
325	329
325	330
325	331
325	332
325	353
325	354
325	356
325	357
326	329
326	330
326	331
326	332
326	333
326	349
326	350
326	351
326	352
326	353
326	354
326	355
326	356
326	357
326	358
326	359
327	330
327	331
327	332
327	333
327	334
327	350
327	353
327	354
327	356
327	357
328	331
328	332
328	333
328	334
328	335
328	350
328	353
329	332
329	333
329	334
329	335
329	336
329	346
329	347
329	349
329	350
329	351
329	352
329	353
329	354
329	356
329	357
330	333
330	334
330	335
330	336
330	337
330	346
330	347
330	348
330	349
330	350
330	351
330	352
330	353
330	354
330	355
330	356
330	357
330	359
330	362
330	363
330	366
331	334
331	335
331	336
331	337
331	338
331	346
331	349
331	350
331	353
332	335
332	336
332	337
332	338
332	339
332	346
332	347
332	349
332	350
332	353
333	336
333	337
333	338
333	339
333	340
333	341
333	343
333	344
333	345
333	346
333	347
333	348
333	349
333	350
333	351
333	352
333	353
333	354
333	366
334	337
334	338
334	339
334	340
334	341
334	342
334	343
334	344
334	345
334	346
334	347
334	348
334	349
334	350
334	351
334	353
334	366
335	338
335	339
335	340
335	341
335	343
335	346
335	347
335	350
336	339
336	340
336	341
336	342
336	343
336	344
336	345
336	346
336	347
336	348
336	349
336	350
336	397
336	401
337	340
337	341
337	342
337	343
337	344
337	345
337	346
337	347
337	348
337	349
337	350
337	366
337	369
337	370
337	373
337	401
338	341
338	342
338	343
338	346
338	347
338	401
339	342
339	343
339	346
339	397
339	398
339	400
339	401
340	343
340	344
340	345
340	346
340	347
340	373
340	397
340	398
340	399
340	400
340	401
340	402
340	403
340	404
340	405
341	344
341	345
341	346
341	347
341	366
341	369
341	370
341	372
341	373
341	374
341	400
341	401
341	404
341	405
341	408
342	345
342	346
342	347
342	348
342	366
342	368
342	369
342	370
342	371
342	372
342	373
342	374
342	375
342	400
342	401
342	402
342	403
342	404
342	405
342	406
342	407
342	408
342	409
343	346
343	347
343	348
343	349
343	350
343	366
343	369
343	370
343	371
343	372
343	373
343	374
343	375
343	388
343	397
343	400
343	401
343	402
343	403
343	404
343	405
343	407
343	408
344	347
344	348
344	349
344	350
344	351
344	366
344	367
344	368
344	369
344	370
344	371
344	372
344	373
344	374
344	375
344	376
344	381
344	384
344	385
344	388
344	400
344	401
344	403
344	404
344	405
344	407
344	408
345	348
345	349
345	350
345	351
345	352
345	366
345	367
345	369
345	370
345	371
345	372
345	373
345	374
345	375
345	381
345	384
345	385
345	388
345	392
345	400
345	404
346	349
346	350
346	351
346	352
346	353
346	366
346	367
346	369
346	370
346	371
346	373
346	374
347	350
347	351
347	352
347	353
347	354
347	362
347	363
347	364
347	365
347	366
347	367
347	368
347	369
347	370
347	371
347	372
347	373
347	374
348	351
348	352
348	353
348	354
348	355
348	363
348	364
348	365
348	366
348	367
348	368
348	369
348	370
348	371
348	372
348	373
348	374
348	375
348	429
348	431
348	432
348	435
349	352
349	353
349	354
349	355
349	356
349	363
349	366
349	367
349	369
349	370
349	374
349	431
349	432
349	435
350	353
350	354
350	355
350	356
350	357
350	359
350	362
350	363
350	364
350	365
350	366
350	367
350	368
350	369
350	370
350	432
351	354
351	355
351	356
351	357
351	358
351	359
351	360
351	361
351	362
351	363
351	364
351	365
351	366
351	367
351	368
351	369
351	370
351	371
351	429
351	431
351	432
351	435
351	436
352	355
352	356
352	357
352	358
352	359
352	360
352	362
352	363
352	364
352	365
352	366
352	367
352	370
352	431
352	432
352	433
352	434
352	435
352	436
352	439
353	356
353	357
353	358
353	359
353	360
353	362
353	363
353	364
353	366
353	367
353	432
353	435
354	357
354	358
354	359
354	360
354	361
354	362
354	363
354	364
354	365
354	366
354	367
354	432
354	435
354	436
354	455
355	358
355	359
355	360
355	361
355	362
355	363
355	364
355	365
355	366
355	367
355	431
355	432
355	433
355	434
355	435
355	436
355	437
355	438
355	439
355	440
355	451
355	452
355	454
355	455
355	456
355	458
355	459
356	359
356	360
356	362
356	363
356	432
356	435
356	436
356	437
356	438
356	439
356	440
356	443
356	451
356	452
356	454
356	455
356	456
356	458
357	360
357	361
357	362
357	363
357	436
357	439
357	451
357	452
357	454
357	455
357	458
358	361
358	362
358	363
358	364
358	435
358	436
358	439
358	440
358	451
358	452
358	453
358	454
358	455
358	456
358	457
358	458
358	459
359	362
359	363
359	364
359	365
359	366
359	367
359	454
359	455
359	458
360	363
360	364
360	365
360	366
360	367
360	432
360	436
360	454
360	455
360	457
360	458
360	459
360	461
360	462
361	364
361	365
361	366
361	367
361	368
361	458
361	462
362	365
362	366
362	367
362	368
362	369
363	366
363	367
363	368
363	369
363	370
363	371
363	429
363	432
363	435
363	436
363	458
363	459
364	367
364	368
364	369
364	370
364	371
364	425
364	426
364	429
364	431
364	432
364	433
364	458
364	459
364	461
364	462
365	368
365	369
365	370
365	371
365	372
365	429
366	369
366	370
366	371
366	372
366	373
366	374
366	429
366	432
367	370
367	371
367	372
367	373
367	374
367	425
367	426
367	428
367	429
367	430
367	431
367	432
367	433
367	435
368	371
368	372
368	373
368	374
368	376
368	416
368	417
368	420
368	425
368	426
368	428
368	429
368	430
368	431
368	432
369	372
369	373
369	374
369	375
369	413
369	416
369	417
369	429
370	373
370	374
370	375
370	376
370	416
370	428
370	429
370	430
370	431
370	432
371	374
371	375
371	376
371	377
371	381
371	408
371	411
371	412
371	413
371	415
371	416
371	417
371	419
371	420
371	425
371	426
371	427
371	428
371	429
371	430
371	431
371	432
372	375
372	376
372	377
372	404
372	407
372	408
372	409
372	410
372	411
372	412
372	413
372	414
372	415
372	416
372	417
372	419
372	420
372	428
372	429
373	376
373	381
373	384
373	403
373	404
373	405
373	406
373	407
373	408
373	409
373	410
373	411
373	412
373	413
373	416
374	377
374	378
374	380
374	381
374	382
374	383
374	384
374	385
374	404
374	407
374	408
374	411
374	412
374	413
374	416
374	429
374	431
375	378
375	379
375	380
375	381
375	382
375	383
375	384
375	385
375	404
375	407
375	408
375	410
375	411
375	412
375	413
375	416
375	429
375	431
375	477
375	478
375	563
375	564
376	379
376	380
376	381
376	382
376	383
376	384
376	411
376	412
376	413
376	415
376	416
376	419
376	427
376	428
376	429
376	430
376	431
376	473
376	474
376	476
376	477
376	478
376	563
376	564
377	380
377	381
377	382
377	383
377	384
377	416
377	428
377	429
377	430
377	431
377	473
377	474
377	475
377	476
377	477
377	478
377	479
377	480
377	511
377	564
377	628
377	629
377	630
378	381
378	382
378	383
378	384
378	385
378	430
378	431
378	473
378	474
378	475
378	476
378	477
378	478
378	479
378	480
378	628
378	629
378	630
379	382
379	383
379	384
379	385
379	386
379	474
379	475
379	476
379	477
379	478
379	479
379	480
379	625
379	626
379	627
379	628
379	629
379	630
379	631
379	632
380	383
380	384
380	385
380	386
380	387
380	477
380	478
380	479
380	563
380	564
380	565
380	566
380	625
380	626
380	627
380	628
380	629
380	630
380	631
381	384
381	385
381	386
381	387
381	388
381	431
381	477
381	478
381	479
381	626
381	627
381	628
381	629
381	630
382	385
382	386
382	387
382	388
382	389
382	477
382	478
382	479
382	625
382	626
382	627
382	628
382	629
382	630
383	386
383	387
383	388
383	389
383	390
383	478
383	564
383	566
383	622
383	623
383	624
383	625
383	626
383	627
383	628
383	629
383	630
383	631
384	387
384	388
384	389
384	390
384	391
384	392
384	400
384	403
384	404
384	407
384	564
384	626
384	627
384	628
384	629
385	388
385	389
385	390
385	391
385	392
385	626
385	627
385	628
385	629
386	389
386	390
386	391
386	392
386	393
386	622
386	623
386	624
386	625
386	626
386	627
386	628
386	629
387	390
387	391
387	392
387	393
387	399
387	400
387	403
387	404
387	623
387	626
387	627
387	628
388	391
388	392
388	393
388	394
388	395
388	396
388	397
388	399
388	400
388	401
388	403
388	404
388	627
389	392
389	393
389	394
389	395
389	396
389	397
389	399
389	400
390	393
390	394
390	395
390	396
390	397
390	399
390	400
391	394
391	395
391	396
391	397
391	398
391	399
391	400
391	401
391	402
391	403
392	395
392	396
392	397
392	398
392	399
392	400
392	401
393	396
393	397
393	400
394	397
394	398
394	399
394	400
395	398
395	399
395	400
395	401
396	399
396	400
396	401
396	402
396	403
397	400
397	401
397	402
397	403
397	404
398	401
398	402
398	403
398	404
398	405
399	402
399	403
399	404
399	405
399	406
399	407
400	403
400	404
400	405
400	406
400	407
401	404
401	405
401	406
401	407
401	408
402	405
402	406
402	407
402	408
402	409
403	406
403	407
403	408
403	409
403	410
404	407
404	408
404	409
404	410
404	411
405	408
405	409
405	410
405	411
406	409
406	410
406	411
406	562
406	563
406	564
407	410
407	411
407	412
407	413
407	562
407	563
407	564
407	565
408	411
408	412
408	413
408	414
408	416
408	562
408	563
408	564
409	412
409	413
409	414
409	560
409	562
409	563
409	564
410	413
410	414
410	559
410	560
410	561
410	562
410	563
410	564
410	565
411	414
411	415
411	416
411	417
411	559
411	560
411	561
411	562
411	563
411	564
411	565
412	415
412	416
412	417
412	418
412	419
412	534
412	559
412	560
412	561
412	562
412	563
412	564
413	416
413	417
413	418
413	419
413	420
413	560
413	562
413	563
414	417
414	418
414	419
414	420
414	421
414	533
414	534
414	537
414	560
414	563
415	418
415	419
415	420
415	421
415	422
415	423
415	428
415	532
415	533
415	534
415	535
415	536
415	537
415	538
415	560
415	563
416	419
416	420
416	421
416	422
416	423
416	427
416	428
416	429
416	532
416	533
416	534
417	420
417	421
417	422
417	423
417	425
417	428
417	429
417	531
417	532
417	533
417	534
418	421
418	422
418	423
418	424
418	428
418	530
418	531
418	532
418	533
418	534
418	535
418	536
418	537
419	422
419	423
419	424
419	425
419	426
419	427
419	428
419	429
419	430
419	500
419	503
419	504
419	529
419	531
419	532
419	533
419	534
419	535
419	536
419	537
420	423
420	424
420	425
420	426
420	427
420	428
420	429
420	430
420	462
420	531
420	532
420	533
420	534
421	424
421	425
421	427
421	428
421	529
421	530
421	531
421	532
421	533
421	534
422	425
422	426
422	427
422	428
422	463
422	499
422	500
422	503
422	525
422	526
422	528
422	529
422	530
422	531
422	532
422	533
422	534
422	535
422	536
423	426
423	427
423	428
423	429
423	430
423	462
423	463
423	464
423	465
423	498
423	499
423	500
423	501
423	502
423	503
423	504
423	525
423	526
423	529
423	530
423	531
423	532
423	533
423	534
423	535
424	427
424	428
424	429
424	430
424	432
424	433
424	459
424	460
424	461
424	462
424	463
424	464
424	465
424	466
424	469
424	470
424	498
424	499
424	500
424	501
424	529
424	531
424	532
425	428
425	429
425	430
425	431
425	432
425	433
425	458
425	459
425	460
425	461
425	462
425	463
425	464
425	465
425	470
425	500
426	429
426	430
426	431
426	432
426	433
426	434
426	435
426	436
426	437
426	456
426	458
426	459
426	460
426	461
426	462
426	463
426	464
426	465
426	466
426	467
426	469
426	470
426	471
426	473
426	474
426	500
427	430
427	431
427	432
427	433
427	434
427	459
427	460
427	462
427	463
427	464
427	465
427	466
427	467
427	468
427	469
427	470
427	471
427	472
427	473
427	474
427	477
427	499
427	500
427	501
427	503
427	504
428	431
428	432
428	433
428	434
428	462
428	463
428	465
428	469
428	470
428	473
428	474
428	477
428	500
428	503
428	504
429	432
429	433
429	434
429	435
429	436
429	459
429	462
429	463
429	470
429	471
429	473
429	474
429	477
430	433
430	434
430	435
430	436
430	437
430	459
430	462
430	463
430	465
430	466
430	467
430	468
430	469
430	470
430	471
430	472
430	473
430	474
430	475
430	476
430	477
430	478
430	504
431	434
431	435
431	436
431	437
431	438
431	459
431	470
431	471
431	472
431	473
431	474
431	475
431	477
431	478
432	435
432	436
432	437
432	438
432	439
432	455
432	456
432	458
432	459
432	460
432	462
432	463
432	467
432	470
432	471
432	473
432	474
433	436
433	437
433	438
433	439
433	440
433	455
433	456
433	457
433	458
433	459
433	460
433	461
433	462
433	463
433	464
433	465
433	466
433	467
433	468
433	469
433	470
433	471
433	472
433	473
433	474
434	437
434	438
434	439
434	440
434	441
434	455
434	456
434	459
434	466
434	467
434	468
434	469
434	470
434	471
434	472
434	473
434	474
434	475
435	438
435	439
435	440
435	441
435	442
435	443
435	452
435	455
435	456
435	458
435	459
435	467
435	470
435	471
435	474
436	439
436	440
436	441
436	442
436	443
436	451
436	452
436	453
436	454
436	455
436	456
436	457
436	458
436	459
436	460
436	461
436	462
436	466
436	467
436	470
436	471
437	440
437	441
437	442
437	443
437	444
437	451
437	452
437	453
437	454
437	455
437	456
437	457
437	458
437	459
437	460
437	466
437	467
437	468
437	469
437	470
437	471
437	474
438	441
438	442
438	443
438	444
438	445
438	452
438	455
438	456
438	459
438	467
438	470
438	471
439	442
439	443
439	444
439	445
439	446
439	448
439	449
439	450
439	451
439	452
439	453
439	454
439	455
439	456
439	458
439	459
440	443
440	444
440	445
440	446
440	447
440	448
440	449
440	450
440	451
440	452
440	453
440	454
440	455
440	456
440	457
440	458
440	459
440	467
441	444
441	445
441	446
441	447
441	448
441	449
441	450
441	451
441	452
441	453
441	454
441	455
441	456
441	467
442	445
442	446
442	447
442	448
442	449
442	450
442	451
442	452
442	453
442	455
442	456
443	446
443	447
443	448
443	449
443	450
443	451
443	452
443	453
443	454
443	455
443	456
444	447
444	448
444	449
444	450
444	451
444	452
444	453
444	454
444	455
444	456
445	448
445	449
445	450
445	451
445	452
446	449
446	450
446	451
446	452
447	450
447	451
447	452
447	453
448	451
448	452
448	453
448	454
448	455
449	452
449	453
449	454
449	455
449	456
449	457
450	453
450	454
450	455
450	456
450	457
451	454
451	455
451	456
451	457
451	458
452	455
452	456
452	457
452	458
452	459
453	456
453	457
453	458
453	459
453	460
454	457
454	458
454	459
454	460
454	461
455	458
455	459
455	460
455	461
455	462
455	467
456	459
456	460
456	461
456	462
456	463
456	464
456	465
456	466
456	467
456	470
457	460
457	461
457	462
457	463
457	464
457	465
457	466
457	467
458	461
458	462
458	463
458	464
459	462
459	463
459	464
459	465
459	466
459	467
459	470
460	463
460	464
460	465
460	466
460	467
460	470
461	464
461	465
461	466
462	465
462	466
462	470
463	466
463	467
463	469
463	470
463	500
464	467
464	468
464	469
464	470
464	498
464	500
465	468
465	469
465	470
465	471
465	472
465	473
465	491
465	494
465	495
465	498
465	499
465	500
465	501
466	469
466	470
466	471
466	472
466	473
466	491
466	494
466	495
466	500
466	501
467	470
467	471
467	472
467	473
467	474
467	491
468	471
468	472
468	473
468	474
468	475
468	484
468	487
468	488
468	489
468	490
468	491
468	492
468	494
468	501
469	472
469	473
469	474
469	475
469	476
469	484
469	485
469	487
469	488
469	489
469	490
469	491
469	492
469	494
469	495
469	498
469	500
469	501
469	502
469	503
469	504
469	505
470	473
470	474
470	475
470	476
470	477
470	484
470	487
470	488
470	491
470	500
470	501
470	504
471	474
471	475
471	476
471	477
471	478
471	480
471	483
471	484
471	487
471	488
471	491
472	475
472	476
472	477
472	478
472	479
472	480
472	481
472	482
472	483
472	484
472	485
472	486
472	487
472	488
472	489
472	490
472	491
472	500
472	501
472	504
472	505
472	508
473	476
473	477
473	478
473	479
473	480
473	481
473	483
473	484
473	485
473	487
473	488
473	491
473	500
473	501
473	502
473	503
473	504
473	505
473	506
473	507
473	508
474	477
474	478
474	479
474	480
474	481
474	483
474	484
474	487
474	488
474	504
474	508
475	478
475	479
475	480
475	481
475	482
475	483
475	484
475	485
475	486
475	487
475	488
475	504
475	508
476	479
476	480
476	481
476	482
476	483
476	484
476	485
476	486
476	487
476	488
476	501
476	503
476	504
476	505
476	506
476	507
476	508
476	509
476	510
476	511
476	512
476	630
477	480
477	481
477	482
477	483
477	484
477	504
477	505
477	507
477	508
477	511
477	629
477	630
478	481
478	482
478	483
478	484
478	508
478	511
478	628
478	629
478	630
478	631
479	482
479	483
479	484
479	485
479	507
479	508
479	509
479	510
479	511
479	512
479	628
479	629
479	630
479	631
479	632
479	635
480	483
480	484
480	485
480	486
480	487
480	488
480	505
480	508
480	509
480	511
480	512
480	630
481	484
481	485
481	486
481	487
481	488
481	504
481	505
481	506
481	507
481	508
481	509
481	510
481	511
481	512
481	513
481	514
481	630
481	632
482	485
482	486
482	487
482	488
482	489
482	505
482	508
482	509
482	510
482	511
482	512
482	514
483	486
483	487
483	488
483	489
483	490
483	505
483	508
483	509
483	512
484	487
484	488
484	489
484	490
484	491
484	492
484	501
484	502
484	503
484	504
484	505
484	506
484	507
484	508
484	509
484	511
484	512
485	488
485	489
485	490
485	491
485	492
485	501
485	502
485	503
485	504
485	505
485	506
485	507
485	508
485	509
485	510
485	511
485	512
485	514
485	517
485	518
485	521
486	489
486	490
486	491
486	492
486	493
486	501
486	504
486	505
486	508
486	509
487	490
487	491
487	492
487	493
487	494
487	501
487	504
487	505
487	508
488	491
488	492
488	493
488	494
488	495
488	496
488	497
488	498
488	499
488	500
488	501
488	502
488	503
488	504
488	505
488	506
488	507
488	508
488	509
488	521
489	492
489	493
489	494
489	495
489	496
489	497
489	498
489	500
489	501
489	502
489	503
489	504
489	505
489	506
489	508
489	509
489	521
490	493
490	494
490	495
490	496
490	501
490	502
490	505
491	494
491	495
491	496
491	497
491	498
491	499
491	500
491	501
491	502
491	504
491	505
492	495
492	496
492	497
492	498
492	499
492	500
492	501
492	502
492	503
492	504
492	505
492	521
492	525
493	496
493	497
493	498
493	501
493	502
494	497
494	498
494	501
495	498
495	499
495	500
495	501
495	502
496	499
496	500
496	501
496	502
496	521
496	524
496	525
496	528
497	500
497	501
497	502
497	503
497	505
497	521
497	522
497	523
497	524
497	525
497	526
497	527
497	528
497	529
498	501
498	502
498	503
498	504
498	505
498	521
498	522
498	524
498	525
498	526
498	527
498	528
498	529
499	502
499	503
499	504
499	505
499	506
499	521
499	522
499	523
499	524
499	525
499	526
499	527
499	528
499	529
499	530
499	531
499	532
499	533
499	534
499	535
499	536
500	503
500	504
500	505
500	506
500	507
500	521
500	522
500	523
500	524
500	525
500	526
500	527
500	528
500	529
500	531
500	532
500	534
500	535
501	504
501	505
501	506
501	507
501	508
501	518
501	521
501	522
501	524
501	525
501	526
501	528
501	529
501	535
502	505
502	506
502	507
502	508
502	509
502	517
502	518
502	519
502	520
502	521
502	522
502	523
502	524
502	525
502	526
502	527
502	528
502	529
502	532
502	534
502	535
502	538
502	539
503	506
503	507
503	508
503	509
503	510
503	517
503	518
503	519
503	520
503	521
503	522
503	523
503	524
503	525
503	526
503	527
503	528
503	529
503	532
503	533
503	534
503	535
503	536
503	537
503	538
503	539
504	507
504	508
504	509
504	510
504	511
504	517
504	518
504	519
504	520
504	521
504	522
504	523
504	524
504	525
504	526
504	532
504	534
504	535
504	538
505	508
505	509
505	510
505	511
505	512
505	514
505	515
505	516
505	517
505	518
505	519
505	520
505	521
505	522
505	523
505	524
505	525
505	535
506	509
506	510
506	511
506	512
506	513
506	514
506	515
506	516
506	517
506	518
506	519
506	520
506	521
506	522
506	523
506	524
506	525
506	526
506	534
506	535
506	536
506	538
506	539
506	541
506	542
507	510
507	511
507	512
507	513
507	514
507	515
507	516
507	517
507	518
507	519
507	520
507	521
507	522
507	523
507	525
507	534
507	535
507	536
507	537
507	538
507	539
507	541
507	542
508	511
508	512
508	513
508	514
508	515
508	516
508	517
508	518
508	519
508	521
508	522
508	538
509	512
509	513
509	514
509	515
509	516
509	517
509	518
509	519
509	520
509	521
509	522
509	538
509	539
509	542
510	513
510	514
510	515
510	516
510	517
510	518
510	519
510	520
510	521
510	522
510	535
510	538
510	539
510	541
510	542
510	543
510	545
510	546
510	661
511	514
511	515
511	516
511	517
511	518
511	519
511	538
511	542
511	630
511	631
511	632
512	515
512	516
512	517
512	518
512	630
512	631
512	632
512	633
512	654
512	657
512	658
513	516
513	517
513	518
513	519
513	542
513	545
513	546
513	632
513	653
513	654
513	655
513	656
513	657
513	658
513	659
513	660
513	661
513	662
514	517
514	518
514	519
514	520
514	521
514	542
514	543
514	545
514	546
514	654
514	656
514	657
514	658
514	660
514	661
515	518
515	519
515	520
515	521
515	522
515	523
515	538
515	539
515	540
515	541
515	542
515	543
515	544
515	545
515	546
515	547
515	548
515	657
515	658
515	660
515	661
515	662
516	519
516	520
516	521
516	522
516	523
516	538
516	539
516	540
516	541
516	542
516	543
516	544
516	545
516	546
516	547
516	657
516	658
516	660
516	661
516	662
517	520
517	521
517	522
517	523
517	524
517	538
517	539
517	542
517	543
517	546
517	661
518	521
518	522
518	523
518	524
518	525
518	535
518	536
518	537
518	538
518	539
518	540
518	541
518	542
518	543
518	544
518	545
518	546
519	522
519	523
519	524
519	525
519	526
519	534
519	535
519	536
519	537
519	538
519	539
519	540
519	541
519	542
519	543
519	544
519	545
519	546
519	547
520	523
520	524
520	525
520	526
520	527
520	535
520	536
520	538
520	539
520	540
520	541
520	542
520	543
520	546
521	524
521	525
521	526
521	527
521	528
521	535
521	536
521	538
521	539
521	540
521	542
521	543
522	525
522	526
522	527
522	528
522	529
522	530
522	532
522	533
522	534
522	535
522	536
522	537
522	538
522	539
522	540
522	541
522	542
522	543
523	526
523	527
523	528
523	529
523	530
523	532
523	533
523	534
523	535
523	536
523	537
523	538
523	539
523	540
523	541
523	542
523	543
524	527
524	528
524	529
524	530
524	532
524	535
524	536
524	538
524	539
525	528
525	529
525	530
525	531
525	532
525	533
525	534
525	535
525	536
525	537
525	538
525	539
526	529
526	530
526	531
526	532
526	533
526	534
526	535
526	536
526	537
526	538
526	539
526	540
527	530
527	531
527	532
527	533
527	534
527	535
527	536
527	539
528	531
528	532
528	533
528	535
528	536
529	532
529	533
529	534
529	535
529	536
530	533
530	534
530	535
530	536
530	537
531	534
531	535
531	536
531	537
532	535
532	536
532	537
532	538
532	539
533	536
533	537
533	538
533	539
533	540
534	537
534	538
534	539
534	540
534	541
534	542
535	538
535	539
535	540
535	541
535	542
535	543
536	539
536	540
536	541
536	542
536	543
537	540
537	541
537	542
537	543
537	544
537	552
537	553
537	556
538	541
538	542
538	543
538	544
538	545
538	553
538	556
538	557
539	542
539	543
539	544
539	545
539	546
540	543
540	544
540	545
540	546
540	547
540	548
540	549
540	552
540	553
540	556
541	544
541	545
541	546
541	547
541	548
541	549
541	550
541	551
541	552
541	553
541	554
541	555
541	556
541	557
542	545
542	546
542	547
542	548
542	549
542	552
542	553
542	556
542	557
542	661
542	662
543	546
543	547
543	548
543	549
543	550
543	552
543	553
543	556
543	661
543	662
544	547
544	548
544	549
544	550
544	551
544	552
544	553
544	554
544	555
544	556
544	557
544	661
544	662
545	548
545	549
545	550
545	551
545	552
545	553
545	554
545	555
545	556
545	557
545	658
545	659
545	660
545	661
545	662
545	663
546	549
546	550
546	553
546	657
546	658
546	659
546	660
546	661
546	662
546	663
546	664
547	550
547	551
547	552
547	553
547	660
547	661
547	662
547	663
547	664
548	551
548	552
548	553
548	554
548	557
548	658
548	659
548	660
548	661
548	662
548	663
548	664
549	552
549	553
549	554
549	555
549	556
549	557
549	661
549	662
549	663
550	553
550	554
550	555
550	556
550	557
550	558
550	573
550	577
550	662
551	554
551	555
551	556
551	557
551	558
551	577
552	555
552	556
552	557
552	558
552	559
553	556
553	557
553	558
553	559
553	560
553	570
553	573
553	574
553	577
553	662
554	557
554	558
554	559
554	560
554	561
554	569
554	570
554	571
554	572
554	573
554	574
554	575
554	576
554	577
554	578
555	558
555	559
555	560
555	561
555	570
555	571
555	573
555	574
555	577
555	578
556	559
556	560
556	561
556	562
556	570
556	573
556	574
557	560
557	561
557	562
557	563
557	564
557	567
557	568
557	569
557	570
557	571
557	572
557	573
557	574
557	577
558	561
558	562
558	563
558	564
558	565
558	567
558	568
558	569
558	570
558	571
558	572
558	573
558	574
558	575
558	576
558	577
558	578
559	562
559	563
559	564
559	565
559	570
559	571
559	573
559	574
560	563
560	564
560	565
560	567
560	570
560	571
560	574
561	564
561	565
561	566
561	567
561	568
561	569
561	570
561	571
561	572
561	573
561	574
562	565
562	566
562	567
562	568
562	570
562	571
563	566
563	567
563	570
563	571
564	567
564	568
564	569
564	570
564	571
564	597
564	598
564	599
564	627
564	628
564	630
564	631
565	568
565	569
565	570
565	571
565	572
565	593
565	594
565	596
565	597
565	598
565	599
565	600
565	627
565	628
566	569
566	570
566	571
566	572
566	593
566	594
566	595
566	596
566	597
566	598
566	599
566	600
566	601
566	602
566	623
566	624
566	625
566	626
566	627
566	628
566	629
566	630
566	631
566	633
566	634
567	570
567	571
567	572
567	573
567	574
567	593
567	594
567	596
567	597
567	598
567	599
567	600
567	601
567	624
567	627
567	628
567	630
567	631
567	632
567	633
567	634
568	571
568	572
568	573
568	574
568	575
568	576
568	590
568	591
568	592
568	593
568	594
568	595
568	596
568	597
568	598
568	599
568	600
568	601
568	602
568	624
568	628
568	631
568	633
569	572
569	573
569	574
569	575
569	576
569	577
569	590
569	591
569	593
569	594
569	595
569	597
569	598
569	599
569	600
569	602
569	631
569	633
570	573
570	574
570	575
570	576
570	577
570	590
570	593
570	594
570	597
570	599
571	574
571	575
571	576
571	577
571	578
571	589
571	590
571	591
571	592
571	593
571	594
571	595
571	596
571	597
571	598
571	599
571	600
572	575
572	576
572	577
572	578
572	579
572	586
572	587
572	588
572	589
572	590
572	591
572	592
572	593
572	594
572	595
572	596
572	597
572	599
572	600
573	576
573	577
573	578
573	579
573	586
573	587
573	589
573	590
573	591
573	593
573	594
574	577
574	578
574	579
574	580
574	581
574	586
574	587
574	589
574	590
574	591
574	593
574	594
575	578
575	579
575	580
575	581
575	582
575	583
575	584
575	585
575	586
575	587
575	588
575	589
575	590
575	591
575	592
575	593
575	594
576	579
576	580
576	581
576	582
576	583
576	584
576	585
576	586
576	587
576	588
576	589
576	590
576	591
576	593
576	594
577	580
577	581
577	582
577	583
577	586
577	587
577	590
578	581
578	582
578	583
578	584
578	585
578	586
578	587
578	589
578	590
579	582
579	583
579	584
579	585
579	586
579	587
579	588
579	589
579	590
579	591
580	583
580	584
580	585
580	586
580	587
580	590
581	584
581	585
581	586
581	587
582	585
582	586
582	587
582	588
582	589
582	590
582	802
582	803
582	804
583	586
583	587
583	588
583	589
583	590
583	800
583	801
583	802
583	803
583	804
584	587
584	588
584	589
584	590
584	591
584	800
584	801
584	802
584	803
584	804
585	588
585	589
585	590
585	591
585	592
585	800
585	801
585	802
585	803
585	804
586	589
586	590
586	591
586	592
586	593
586	800
586	801
586	802
586	803
587	590
587	591
587	592
587	593
587	594
587	799
587	800
587	801
587	802
587	803
588	591
588	592
588	593
588	594
588	595
588	798
588	799
588	800
588	801
588	802
588	803
589	592
589	593
589	594
589	595
589	596
589	799
589	800
589	801
590	593
590	594
590	595
590	596
590	597
590	798
590	799
590	800
590	801
591	594
591	595
591	596
591	597
591	600
591	797
591	798
591	799
591	800
591	801
592	595
592	596
592	597
592	598
592	600
592	797
592	798
592	799
592	800
592	801
593	596
593	597
593	598
593	599
593	600
593	799
594	597
594	598
594	599
594	600
594	601
594	602
594	603
594	604
594	797
594	798
594	799
594	800
595	598
595	599
595	600
595	601
595	602
595	603
595	604
595	796
595	797
595	798
595	799
596	599
596	600
596	601
596	602
596	603
596	604
596	624
596	797
597	600
597	601
597	602
597	603
597	623
597	624
597	627
597	628
598	601
598	602
598	603
598	604
598	605
598	620
598	621
598	622
598	623
598	624
598	625
598	626
598	627
598	628
598	631
598	633
598	634
599	602
599	603
599	604
599	605
599	620
599	621
599	622
599	623
599	624
599	625
599	626
599	627
599	628
599	629
599	630
599	631
599	632
599	633
599	634
599	635
599	637
600	603
600	604
600	605
600	606
600	607
600	620
600	621
600	623
600	624
600	625
600	631
600	633
600	634
600	637
600	687
600	688
600	796
600	797
600	798
601	604
601	605
601	606
601	607
601	608
601	609
601	616
601	617
601	618
601	619
601	620
601	621
601	622
601	623
601	624
601	625
601	626
601	627
601	628
601	631
601	633
601	634
601	635
601	637
601	638
601	687
601	688
601	795
601	796
601	797
602	605
602	606
602	607
602	608
602	609
602	616
602	617
602	618
602	619
602	620
602	621
602	622
602	623
602	624
602	625
602	631
602	632
602	633
602	634
602	635
602	636
602	637
602	638
602	640
602	641
602	686
602	687
602	688
602	689
602	795
602	796
602	797
603	606
603	607
603	608
603	609
603	610
603	616
603	617
603	620
603	621
603	624
603	633
603	634
603	637
603	684
603	685
603	686
603	687
603	688
603	689
603	690
603	795
603	796
603	797
603	798
604	607
604	608
604	609
604	610
604	611
604	613
604	614
604	615
604	616
604	617
604	618
604	619
604	620
604	621
604	622
604	623
604	624
604	634
604	637
604	687
604	688
604	689
604	793
604	794
604	795
604	796
604	797
604	798
605	608
605	609
605	610
605	611
605	612
605	613
605	614
605	615
605	616
605	617
605	618
605	619
605	620
605	621
605	622
605	623
605	624
605	625
605	633
605	634
605	635
605	636
605	637
605	638
605	639
605	640
605	641
605	687
605	688
605	689
605	690
605	794
605	795
605	796
605	797
606	609
606	610
606	611
606	612
606	613
606	614
606	616
606	617
606	618
606	619
606	620
606	621
606	633
606	634
606	636
606	637
606	638
606	639
606	640
606	641
606	645
606	647
606	651
606	684
606	685
606	686
606	687
606	688
606	689
606	690
606	691
606	692
606	794
606	795
606	796
606	797
607	610
607	611
607	612
607	613
607	614
607	615
607	616
607	617
607	618
607	620
607	621
607	637
607	641
607	684
607	685
607	686
607	687
607	688
607	689
607	690
607	691
607	692
607	721
607	722
607	793
607	794
607	795
607	796
607	797
607	798
608	611
608	612
608	613
608	614
608	615
608	616
608	617
608	618
608	619
608	620
608	621
608	637
608	640
608	641
608	645
608	688
608	689
608	690
608	691
608	722
608	792
608	793
608	794
608	795
608	796
608	797
609	612
609	613
609	614
609	615
609	616
609	617
609	618
609	619
609	620
609	621
609	637
609	638
609	639
609	640
609	641
609	642
609	643
609	644
609	645
609	646
609	647
609	688
609	689
609	690
609	691
609	692
609	722
609	793
609	794
609	795
609	796
610	613
610	614
610	616
610	617
610	637
610	640
610	641
610	644
610	645
610	646
610	647
610	684
610	685
610	687
610	688
610	689
610	690
610	691
610	692
610	693
610	694
610	718
610	719
610	721
610	722
610	723
610	794
610	795
610	796
611	614
611	615
611	616
611	617
611	641
611	645
611	688
611	689
611	690
611	691
611	718
611	719
611	721
611	722
611	723
611	724
611	791
611	792
611	793
611	794
611	795
611	796
612	615
612	616
612	617
612	618
612	641
612	642
612	644
612	645
612	690
612	691
612	722
612	790
612	791
612	792
612	793
612	794
612	795
613	616
613	617
613	618
613	619
613	620
613	641
613	790
613	791
613	792
613	793
613	794
613	795
614	617
614	618
614	619
614	620
614	621
614	638
614	640
614	641
614	642
614	791
614	792
614	793
614	794
615	618
615	619
615	620
615	621
615	622
615	641
615	791
615	792
615	793
615	794
616	619
616	620
616	621
616	622
616	623
616	641
616	792
616	793
616	794
616	795
617	620
617	621
617	622
617	623
617	624
617	634
617	637
617	638
617	639
617	640
617	641
617	642
617	793
617	794
617	795
618	621
618	622
618	623
618	624
618	625
618	626
618	634
618	637
618	638
618	639
618	640
618	641
618	642
619	622
619	623
619	624
619	625
619	626
619	634
619	637
619	638
619	641
620	623
620	624
620	625
620	626
620	627
620	634
620	635
620	637
620	638
620	641
620	795
621	624
621	625
621	626
621	627
621	628
621	629
621	631
621	632
621	633
621	634
621	635
621	636
621	637
621	638
621	639
621	640
621	641
621	642
622	625
622	626
622	627
622	628
622	629
622	631
622	634
622	635
622	636
622	637
622	638
622	639
622	641
623	626
623	627
623	628
623	629
623	631
623	634
623	635
623	637
623	638
624	627
624	628
624	629
624	630
624	631
624	632
624	633
624	634
624	635
624	636
624	637
624	638
625	628
625	629
625	630
625	631
625	632
625	633
625	634
625	635
625	636
625	637
625	638
625	639
626	629
626	630
626	631
626	634
626	635
626	638
627	630
627	631
627	634
627	635
628	631
628	632
628	633
628	634
628	635
629	632
629	633
629	634
629	635
629	636
629	638
630	633
630	634
630	635
630	636
631	634
631	635
631	636
631	637
631	638
632	635
632	636
632	637
632	638
632	639
632	650
632	651
632	654
632	655
633	636
633	637
633	638
633	639
633	640
633	650
633	651
633	653
633	654
633	655
633	658
633	687
634	637
634	638
634	639
634	640
634	641
634	651
635	638
635	639
635	640
635	641
635	642
635	650
635	651
635	654
636	639
636	640
636	641
636	642
636	643
636	647
636	648
636	649
636	650
636	651
636	652
636	653
636	654
636	655
637	640
637	641
637	642
637	643
637	644
637	645
637	647
637	648
637	650
637	651
637	687
637	689
638	641
638	642
638	643
638	644
638	647
638	650
639	642
639	643
639	644
639	645
639	646
639	647
639	648
639	649
639	650
639	651
640	643
640	644
640	645
640	646
640	647
640	648
640	649
640	650
640	651
640	689
640	691
640	692
641	644
641	645
641	646
641	647
641	650
641	691
642	645
642	646
642	647
643	646
643	647
643	648
643	649
643	650
644	647
644	648
644	649
644	650
644	691
644	692
645	648
645	649
645	650
645	651
645	689
645	690
645	691
645	692
645	693
645	694
645	695
646	649
646	650
646	651
646	652
646	689
646	690
646	691
646	692
646	693
646	694
646	695
646	696
647	650
647	651
647	652
647	653
647	654
647	684
647	689
647	690
647	691
647	692
647	693
647	695
647	696
648	651
648	652
648	653
648	654
648	655
648	656
648	677
648	680
648	681
648	683
648	684
648	689
648	690
648	691
648	692
648	693
648	694
648	695
648	696
649	652
649	653
649	654
649	655
649	656
649	680
649	692
650	653
650	654
650	655
650	656
650	657
650	692
651	654
651	655
651	656
651	657
651	658
651	680
651	681
651	683
651	684
651	687
651	689
651	692
651	693
652	655
652	656
652	657
652	658
652	659
652	660
652	666
652	667
652	668
652	676
652	677
652	679
652	680
652	681
652	683
652	684
652	689
652	692
652	693
652	696
653	656
653	657
653	658
653	659
653	660
653	666
653	667
653	668
653	680
654	657
654	658
654	659
654	660
654	661
654	666
654	667
654	680
655	658
655	659
655	660
655	661
655	662
655	664
655	665
655	666
655	667
655	668
655	679
655	680
655	683
655	684
655	687
656	659
656	660
656	661
656	662
656	663
656	664
656	665
656	666
656	667
656	668
656	669
656	670
656	676
656	679
656	680
656	683
657	660
657	661
657	662
657	663
657	664
657	666
657	667
657	668
657	669
658	661
658	662
658	663
658	664
658	665
658	666
658	667
659	662
659	663
659	664
659	665
659	666
659	667
659	668
659	669
659	670
659	679
659	680
659	683
660	663
660	664
660	665
660	666
660	667
660	668
660	669
660	670
661	664
661	665
661	666
661	667
662	665
662	666
662	667
663	666
663	667
663	669
663	670
664	667
664	668
664	669
664	670
664	679
664	683
665	668
665	669
665	670
665	671
665	675
665	676
665	678
665	679
665	680
665	682
665	683
666	669
666	670
666	671
666	675
666	676
666	677
666	678
666	679
666	680
666	681
666	682
666	683
666	684
667	670
667	671
667	672
667	673
667	674
667	675
667	676
667	677
667	678
667	679
667	680
667	681
667	682
667	683
668	671
668	672
668	673
668	674
668	675
668	676
668	677
668	678
668	679
668	680
669	672
669	673
669	675
669	676
669	677
669	679
670	673
670	674
670	675
670	676
670	677
670	678
670	679
671	674
671	675
671	676
671	677
671	678
671	679
672	675
672	676
672	677
672	678
672	679
672	700
672	703
672	704
673	676
673	677
673	678
673	679
673	680
673	696
673	697
673	699
673	700
673	701
673	702
673	703
673	704
674	677
674	678
674	679
674	680
674	681
674	696
674	697
674	698
674	699
674	700
674	701
674	702
674	703
674	704
674	705
674	706
674	707
674	708
674	711
674	735
675	678
675	679
675	680
675	681
675	682
675	696
675	697
675	699
675	700
675	701
675	703
675	704
676	679
676	680
676	681
676	682
676	683
676	696
676	697
676	699
676	700
676	703
676	704
677	680
677	681
677	682
677	683
677	684
677	692
677	693
677	694
677	695
677	696
677	697
677	698
677	699
677	700
677	701
677	702
677	703
677	704
677	711
678	681
678	682
678	683
678	684
678	685
678	692
678	693
678	694
678	695
678	696
678	697
678	698
678	699
678	700
678	701
678	703
678	704
678	707
678	710
678	711
679	682
679	683
679	684
679	685
679	686
679	693
679	696
679	697
679	700
680	683
680	684
680	685
680	686
680	687
680	688
680	689
680	690
680	692
680	693
680	694
680	695
680	696
680	697
680	699
680	700
681	684
681	685
681	686
681	687
681	688
681	689
681	690
681	691
681	692
681	693
681	694
681	695
681	696
681	697
681	698
681	699
681	700
681	711
681	714
681	715
681	718
682	685
682	686
682	687
682	688
682	689
682	690
682	692
682	693
682	694
682	696
682	697
682	700
682	714
683	686
683	687
683	688
683	689
683	690
683	692
683	693
683	696
683	697
684	687
684	688
684	689
684	690
684	691
684	692
684	693
684	694
684	695
684	696
684	697
685	688
685	689
685	690
685	691
685	692
685	693
685	694
685	695
685	696
685	697
685	714
685	715
685	717
685	718
685	797
685	798
686	689
686	690
686	692
686	693
686	796
686	797
686	798
686	799
687	690
687	691
687	692
687	693
687	796
687	797
687	798
688	691
688	692
688	693
688	694
688	718
688	721
688	795
688	796
688	797
688	798
689	692
689	693
689	694
689	695
689	696
689	697
689	718
689	796
689	797
690	693
690	694
690	695
690	696
690	697
690	714
690	715
690	717
690	718
690	719
690	720
690	721
690	722
690	796
691	694
691	695
691	696
691	697
691	698
691	715
691	718
691	719
691	721
691	722
692	695
692	696
692	697
692	698
692	699
692	715
692	718
693	696
693	697
693	698
693	699
693	700
693	711
693	714
693	715
693	717
693	718
693	719
694	697
694	698
694	699
694	700
694	701
694	711
694	712
694	713
694	714
694	715
694	716
694	717
694	718
694	719
694	720
694	721
694	722
694	724
694	727
694	728
695	698
695	699
695	700
695	701
695	702
695	711
695	714
695	715
695	718
695	719
696	699
696	700
696	701
696	702
696	703
696	711
696	712
696	714
696	715
697	700
697	701
697	702
697	703
697	704
697	705
697	707
697	708
697	709
697	710
697	711
697	712
697	713
697	714
697	715
697	716
697	717
697	718
697	719
697	733
698	701
698	702
698	703
698	704
698	705
698	707
698	708
698	709
698	710
698	711
698	712
698	713
698	714
698	715
698	716
698	718
698	719
698	727
698	731
698	732
698	733
698	734
698	735
698	737
699	702
699	703
699	704
699	705
699	707
699	708
699	711
699	712
699	715
699	733
699	734
699	735
699	737
699	738
700	703
700	704
700	705
700	706
700	707
700	708
700	709
700	710
700	711
700	712
700	714
700	715
700	733
700	734
700	735
701	704
701	705
701	706
701	707
701	708
701	709
701	710
701	711
701	712
701	713
701	714
701	715
701	731
701	732
701	733
701	734
701	735
701	736
701	737
701	738
701	761
701	762
701	765
702	705
702	706
702	707
702	708
702	711
702	712
702	733
702	734
702	735
702	736
702	737
702	738
702	739
702	762
702	765
703	706
703	707
703	708
703	711
703	734
703	735
703	736
703	737
703	738
703	739
704	707
704	708
704	709
704	710
704	711
704	733
704	734
704	735
704	736
704	737
704	738
705	708
705	709
705	710
705	711
705	712
705	733
705	734
705	735
705	736
705	737
705	738
705	739
705	761
705	762
705	765
706	709
706	710
706	711
706	712
706	734
706	735
706	736
706	761
706	762
707	710
707	711
707	712
707	713
707	714
707	733
707	734
707	735
707	761
708	711
708	712
708	713
708	714
708	715
708	731
708	732
708	733
708	734
708	735
708	736
708	737
708	759
708	760
708	761
708	762
708	765
709	712
709	713
709	714
709	715
709	716
709	730
709	731
709	732
709	733
709	734
709	735
709	759
709	760
709	761
709	762
710	713
710	714
710	715
710	716
710	717
710	731
710	732
710	733
710	734
710	761
711	714
711	715
711	716
711	717
711	718
711	731
711	732
711	733
711	734
711	735
711	761
712	715
712	716
712	717
712	718
712	719
712	727
712	728
712	729
712	730
712	731
712	732
712	733
712	734
712	735
712	760
712	761
712	762
712	765
713	716
713	717
713	718
713	719
713	720
713	727
713	728
713	729
713	730
713	731
713	732
713	733
713	761
714	717
714	718
714	719
714	720
714	721
714	727
714	728
714	729
714	730
714	731
714	732
715	718
715	719
715	720
715	721
715	722
715	723
715	724
715	725
715	726
715	727
715	728
715	729
715	730
715	731
715	732
715	733
716	719
716	720
716	721
716	722
716	723
716	724
716	725
716	726
716	727
716	728
716	729
716	730
716	731
716	732
716	733
717	720
717	721
717	722
717	723
717	724
717	725
717	726
717	727
717	728
717	729
717	730
717	731
718	721
718	722
718	723
718	724
718	725
718	727
718	728
718	729
718	730
718	731
719	722
719	723
719	724
719	725
719	726
719	727
719	728
719	729
719	730
719	731
720	723
720	724
720	725
720	726
720	727
720	728
720	729
720	730
720	731
721	724
721	725
721	727
721	728
721	729
721	794
721	795
721	796
722	725
722	726
722	727
722	728
722	729
722	792
722	794
722	795
722	796
723	726
723	727
723	728
723	729
723	792
724	727
724	728
724	729
724	730
724	731
725	728
725	729
725	730
725	731
726	729
726	730
726	731
726	732
727	730
727	731
727	732
727	733
728	731
728	732
729	732
730	733
730	760
730	761
730	764
731	734
731	760
731	761
731	764
731	765
731	768
732	735
732	736
732	737
732	759
732	760
732	761
732	762
732	763
732	764
732	765
732	766
732	767
732	768
732	769
733	736
733	737
733	738
733	751
733	759
733	760
733	761
733	762
733	763
733	764
733	765
733	766
733	767
733	768
733	769
734	737
734	738
734	739
734	740
734	751
734	759
734	760
734	761
734	762
734	763
734	764
734	765
734	766
734	767
734	768
734	769
735	738
735	739
735	740
735	761
735	762
735	763
735	764
735	765
735	766
735	769
736	739
736	740
736	741
736	742
736	747
736	750
736	751
736	754
736	761
736	762
736	763
736	764
736	765
736	766
736	767
736	768
736	769
736	770
737	740
737	741
737	742
737	747
737	761
737	762
737	763
737	764
737	765
737	766
737	767
737	768
737	769
737	770
737	772
737	773
738	741
738	742
738	762
738	765
738	766
738	769
739	742
739	743
739	747
739	762
739	765
739	766
739	769
740	743
740	744
740	745
740	746
740	747
740	748
740	749
740	750
740	751
740	762
740	763
740	765
740	766
740	767
740	768
740	769
740	770
740	773
741	744
741	745
741	746
741	747
741	748
741	749
741	750
741	751
741	765
741	766
741	767
741	768
741	769
741	770
741	773
742	745
742	746
742	747
742	748
742	750
742	766
742	767
742	768
742	769
742	770
742	771
742	772
742	773
742	774
743	746
743	747
743	748
743	749
743	750
743	766
743	767
743	769
743	770
743	771
743	772
743	773
743	774
744	747
744	748
744	749
744	750
744	751
744	766
744	767
744	768
744	769
744	770
744	771
744	772
744	773
744	774
744	775
745	748
745	749
745	750
745	751
745	752
745	766
745	767
745	769
745	770
745	771
745	773
745	774
746	749
746	750
746	751
746	752
746	753
746	754
746	763
746	766
746	767
746	769
746	770
746	771
746	773
747	750
747	751
747	752
747	753
747	754
747	762
747	763
747	764
747	765
747	766
747	767
747	768
747	769
747	770
747	771
747	772
747	773
747	774
748	751
748	752
748	753
748	754
748	755
748	762
748	763
748	764
748	765
748	766
748	767
748	768
748	769
748	770
748	771
748	772
748	773
748	774
749	752
749	753
749	754
749	755
749	756
749	762
749	763
749	764
749	766
749	767
749	768
749	769
749	770
750	753
750	754
750	755
750	756
750	757
750	759
750	760
750	762
750	763
750	764
750	765
750	766
750	767
750	768
750	769
750	770
751	754
751	755
751	756
751	757
751	758
751	759
751	760
751	761
751	762
751	763
751	764
751	765
751	766
751	767
751	768
751	769
751	770
751	771
752	755
752	756
752	757
752	758
752	759
752	760
752	761
752	762
752	763
752	764
752	765
752	766
752	767
752	768
752	770
753	756
753	757
753	758
753	759
753	760
753	762
753	763
753	764
753	766
753	767
754	757
754	758
754	759
754	760
754	761
754	762
754	763
754	764
754	765
754	766
754	767
755	758
755	759
755	760
755	761
755	762
755	763
755	764
755	765
755	766
755	767
756	759
756	760
756	762
756	763
756	764
757	760
757	761
757	762
757	763
758	761
758	762
758	763
758	764
759	762
759	763
759	764
759	765
759	766
760	763
760	764
760	765
760	766
760	767
760	768
761	764
761	765
761	766
761	767
761	768
762	765
762	766
762	767
762	768
762	769
763	766
763	767
763	768
763	769
763	770
764	767
764	768
764	769
764	770
764	771
765	768
765	769
765	770
765	771
765	772
765	773
766	769
766	770
766	771
766	772
766	773
767	770
767	771
767	772
767	773
767	774
767	775
768	771
768	772
768	773
768	774
768	775
769	772
769	773
769	774
769	775
770	773
770	774
770	775
771	774
771	775
771	776
771	777
772	775
772	776
772	777
773	776
774	777
775	778
775	779
775	780
776	779
776	780
776	781
776	782
777	780
777	781
777	782
777	783
777	784
778	781
778	782
778	783
778	784
779	782
779	783
779	784
779	785
780	783
780	784
780	785
781	784
781	785
781	786
782	785
782	786
783	786
784	787
785	788
786	789
787	790
788	791
789	792
790	793
791	794
792	795
793	796
794	797
795	798
796	799
797	800
798	801
799	802
800	803
801	804
802	805
803	806
804	807
805	808
806	809
807	810
808	811
809	812
810	813
811	814
812	815
813	816
814	817
815	818
816	819
817	820
