1	4
2	5
3	6
4	7
5	8
6	9
7	10
8	11
9	12
10	13
11	14
12	15
13	16
14	17
15	18
16	19
17	20
18	21
19	22
20	23
21	24
22	25
23	26
24	27
25	28
26	29
27	30
28	31
29	32
30	33
31	34
32	35
33	36
34	37
35	38
36	39
37	40
38	41
39	42
40	43
41	44
42	45
43	46
44	47
44	48
45	48
45	49
45	50
46	49
46	50
46	51
47	50
47	51
47	52
48	51
48	52
49	52
50	53
51	54
52	55
53	56
54	57
55	58
56	59
57	60
58	61
59	62
60	63
61	64
62	65
63	66
64	67
65	68
66	69
67	70
68	71
69	72
70	73
70	101
71	74
71	98
71	99
71	100
71	101
71	102
72	75
72	97
72	98
72	99
72	100
72	101
73	76
73	95
73	96
73	97
73	98
73	99
73	100
73	101
74	77
74	94
74	95
74	96
74	97
74	98
74	99
74	100
75	78
75	94
75	95
75	96
75	97
75	98
75	99
75	100
76	79
76	80
76	83
76	85
76	86
76	89
76	90
76	93
76	94
76	95
76	96
76	97
76	98
76	99
77	80
77	81
77	82
77	83
77	86
77	89
77	90
77	94
77	95
77	96
77	97
77	98
77	99
78	81
78	82
78	83
78	84
78	85
78	86
78	87
78	88
78	89
78	90
78	93
78	94
78	95
78	96
79	82
79	83
79	84
79	85
79	86
79	87
79	90
80	83
80	84
80	85
80	86
81	84
81	85
81	86
82	85
82	86
82	87
83	86
83	87
83	88
83	89
83	90
84	87
84	88
84	89
84	90
85	88
85	89
85	90
85	91
85	92
86	89
86	90
86	91
86	92
86	93
86	94
87	90
87	91
87	92
87	93
87	94
88	91
88	92
88	93
88	94
89	92
89	93
89	94
89	95
90	93
90	94
90	95
91	94
91	95
92	95
93	96
94	97
95	98
96	99
97	100
98	101
99	102
100	103
101	104
102	105
103	106
104	107
105	108
106	109
107	110
107	111
107	112
107	113
108	111
108	112
108	113
108	114
109	112
109	113
109	114
110	113
110	114
110	115
111	114
111	115
112	115
113	116
113	117
114	117
114	118
114	120
114	121
115	118
115	119
115	120
115	121
116	119
116	120
116	121
116	122
116	123
117	120
117	121
117	122
117	123
118	121
118	122
118	123
118	124
119	122
119	123
119	124
120	123
120	124
120	125
121	124
121	125
122	125
122	157
123	126
123	157
124	127
124	130
124	131
124	153
124	154
124	155
124	156
124	157
124	158
124	159
125	128
125	129
125	130
125	131
125	132
125	150
125	153
125	154
125	155
125	156
125	157
125	158
126	129
126	130
126	131
126	132
126	133
126	150
126	153
126	154
126	157
126	158
127	130
127	131
127	132
127	133
127	134
127	135
127	136
127	150
127	151
127	152
127	153
127	154
127	155
127	156
127	157
127	158
128	131
128	132
128	133
128	134
128	135
128	136
128	150
128	154
129	132
129	133
129	134
129	135
129	136
129	150
129	154
130	133
130	134
130	135
130	136
130	146
130	147
130	149
130	150
130	151
130	152
130	153
130	154
131	134
131	135
131	136
131	137
131	138
131	146
131	147
131	148
131	149
131	150
131	151
131	152
131	153
131	154
131	155
131	156
131	157
132	135
132	136
132	137
132	138
132	139
132	146
132	147
132	148
132	149
132	150
132	151
132	152
132	153
132	154
133	136
133	137
133	138
133	139
133	140
133	144
133	146
133	147
133	148
133	149
133	150
133	151
134	137
134	138
134	139
134	140
134	141
134	142
134	143
134	144
134	145
134	146
134	147
134	148
134	149
134	150
134	151
134	152
134	153
134	154
135	138
135	139
135	140
135	141
135	142
135	143
135	144
135	145
135	146
135	147
135	148
135	149
135	150
135	151
135	152
135	153
135	154
135	195
136	139
136	140
136	141
136	142
136	143
136	144
136	146
136	147
136	148
136	150
136	151
137	140
137	141
137	142
137	143
137	144
137	145
137	146
137	147
137	148
137	150
137	151
138	141
138	142
138	143
138	144
138	145
138	146
138	147
138	148
138	149
138	150
138	151
138	195
138	198
139	142
139	143
139	144
139	145
139	146
139	147
139	148
139	151
139	194
139	195
139	198
140	143
140	144
140	147
141	144
141	145
141	146
141	147
141	198
142	145
142	146
142	147
142	148
142	194
142	195
142	197
142	198
142	199
142	201
142	202
143	146
143	147
143	148
143	170
143	171
143	174
143	175
143	198
143	199
143	201
143	202
144	147
144	148
144	149
144	150
144	151
144	170
144	171
144	172
144	173
144	174
144	198
145	148
145	149
145	150
145	151
145	152
145	167
145	168
145	169
145	170
145	171
145	172
145	173
145	174
145	175
145	199
146	149
146	150
146	151
146	152
146	153
146	167
146	168
146	170
146	171
146	172
146	174
147	150
147	151
147	152
147	153
147	154
147	167
147	168
147	170
147	171
147	195
148	151
148	152
148	153
148	154
148	155
148	156
148	163
148	164
148	165
148	166
148	167
148	168
148	169
148	170
148	171
148	172
148	173
148	174
148	183
148	195
148	198
148	199
149	152
149	153
149	154
149	155
149	156
149	163
149	164
149	165
149	166
149	167
149	168
149	169
149	170
149	171
149	172
149	173
150	153
150	154
150	155
150	156
150	157
150	164
150	165
150	167
150	168
150	170
150	171
151	154
151	155
151	156
151	157
151	158
151	160
151	161
151	163
151	164
151	165
151	166
151	167
151	168
151	169
151	170
151	171
151	195
152	155
152	156
152	157
152	158
152	159
152	160
152	161
152	162
152	163
152	164
152	165
152	166
152	167
152	168
152	169
152	170
152	171
152	172
152	183
153	156
153	157
153	158
153	159
153	160
153	161
153	162
153	163
153	164
153	165
153	166
153	167
153	168
153	171
154	157
154	158
154	159
154	160
154	161
154	162
154	163
154	164
154	165
154	167
154	168
155	158
155	159
155	160
155	161
155	162
155	163
155	164
155	165
155	166
155	167
155	168
155	187
155	338
155	339
155	340
155	341
156	159
156	160
156	161
156	162
156	163
156	164
156	165
156	166
156	167
156	168
156	338
156	339
156	340
156	341
157	160
157	161
157	162
157	163
157	164
157	165
157	338
157	339
157	340
157	341
158	161
158	162
158	163
158	164
158	337
158	338
158	339
158	340
158	341
158	342
158	373
159	162
159	163
159	164
159	165
159	335
159	336
159	337
159	338
159	339
159	340
159	341
159	342
159	343
159	370
159	373
160	163
160	164
160	165
160	166
160	167
160	186
160	187
160	190
160	336
160	337
160	338
160	339
160	340
160	341
160	342
160	343
161	164
161	165
161	166
161	167
161	168
161	186
161	310
161	311
161	335
161	336
161	337
161	338
161	339
161	340
161	341
161	342
161	343
162	165
162	166
162	167
162	168
162	169
162	182
162	183
162	186
162	187
162	190
162	309
162	310
162	311
162	336
162	337
162	338
162	339
162	340
162	341
162	343
163	166
163	167
163	168
163	169
163	170
163	182
163	183
163	184
163	185
163	186
163	187
163	188
163	189
163	190
163	192
163	195
163	196
163	339
163	340
163	341
163	343
164	167
164	168
164	169
164	170
164	171
164	182
164	183
164	186
164	187
164	339
164	340
165	168
165	169
165	170
165	171
165	172
165	179
165	182
165	183
165	186
165	187
165	339
165	340
166	169
166	170
166	171
166	172
166	173
166	178
166	179
166	180
166	181
166	182
166	183
166	184
166	185
166	186
166	187
166	195
166	196
166	199
167	170
167	171
167	172
167	173
167	174
167	179
167	180
167	181
167	182
167	183
167	184
167	185
167	186
167	187
167	195
167	196
167	199
168	171
168	172
168	173
168	174
168	179
168	180
168	182
168	183
169	172
169	173
169	174
169	175
169	176
169	177
169	178
169	179
169	180
169	181
169	182
169	183
169	184
169	199
170	173
170	174
170	175
170	176
170	177
170	178
170	179
170	180
170	181
170	182
170	183
170	184
170	186
170	187
170	195
170	196
170	198
170	199
170	200
170	202
170	203
171	174
171	175
171	176
171	179
171	180
171	183
171	199
172	175
172	176
172	179
172	180
172	183
173	176
173	177
173	178
173	179
173	180
173	182
173	183
173	199
173	202
173	203
174	177
174	178
174	179
174	180
174	199
174	202
174	203
174	206
175	178
175	179
175	180
175	181
175	199
175	200
175	201
175	202
175	203
175	204
175	205
175	206
175	207
176	179
176	180
176	181
176	182
176	183
176	184
176	199
176	200
176	201
176	202
176	203
176	204
176	205
176	206
176	207
176	213
176	249
177	180
177	181
177	182
177	183
177	184
177	185
177	199
177	200
177	201
177	202
177	203
177	204
177	205
177	206
177	207
177	208
177	210
177	211
177	212
177	213
177	214
177	247
177	248
177	249
177	250
177	251
177	252
177	253
178	181
178	182
178	183
178	184
178	185
178	199
178	200
178	202
178	203
178	204
178	206
178	207
178	210
178	212
178	213
178	248
178	249
178	250
178	251
178	252
178	253
178	254
178	255
178	256
178	271
178	274
178	276
179	182
179	183
179	184
179	185
179	186
179	196
179	199
179	200
179	202
179	203
179	213
179	249
179	252
179	253
179	256
180	183
180	184
180	185
180	186
180	187
180	188
180	195
180	196
180	197
180	198
180	199
180	200
180	201
180	202
180	203
180	204
180	205
180	206
180	207
180	212
180	213
180	216
180	217
180	249
180	252
180	253
181	184
181	185
181	186
181	187
181	188
181	189
181	195
181	196
181	197
181	198
181	199
181	200
181	201
181	202
181	203
181	204
181	207
181	210
181	211
181	212
181	213
181	214
181	215
181	216
181	217
181	249
181	250
181	251
181	252
181	253
181	254
181	255
181	256
181	257
182	185
182	186
182	187
182	188
182	189
182	195
182	196
182	199
182	200
182	203
182	212
182	213
182	216
182	249
182	252
182	253
182	254
182	255
182	256
182	257
182	260
183	186
183	187
183	188
183	189
183	190
183	192
183	193
183	194
183	195
183	196
183	197
183	198
183	199
183	200
183	201
183	202
183	203
183	213
183	216
183	253
183	256
184	187
184	188
184	189
184	190
184	191
184	192
184	193
184	194
184	195
184	196
184	197
184	198
184	199
184	200
184	201
184	202
184	203
184	204
184	212
184	213
184	214
184	215
184	216
184	217
184	218
184	219
184	220
184	253
184	256
184	257
185	188
185	189
185	190
185	191
185	192
185	193
185	194
185	195
185	196
185	197
185	198
185	199
185	200
185	212
185	213
185	215
185	216
185	217
185	219
185	220
185	252
185	253
185	254
185	255
185	256
185	257
185	260
186	189
186	190
186	191
186	192
186	193
186	194
186	195
186	196
186	197
186	199
186	200
186	216
186	220
186	253
186	256
186	257
186	260
187	190
187	191
187	192
187	193
187	194
187	195
187	196
187	197
187	198
187	199
187	200
187	216
187	217
187	220
188	191
188	192
188	193
188	194
188	195
188	196
188	197
188	198
188	199
188	200
188	216
188	217
188	218
188	219
188	220
188	221
188	222
188	223
188	224
189	192
189	193
189	194
189	195
189	196
189	197
189	216
189	219
189	220
189	256
189	257
189	260
189	261
190	193
190	194
190	195
190	196
190	220
190	340
190	343
190	344
191	194
191	195
191	196
191	197
191	219
191	220
191	221
191	222
191	223
191	224
192	195
192	196
192	197
192	198
192	199
192	219
192	220
192	221
192	223
192	224
193	196
193	197
193	198
193	199
193	200
193	201
193	216
193	217
193	218
193	219
193	220
193	221
193	222
193	223
193	224
193	225
193	226
194	197
194	198
194	199
194	200
194	201
194	216
194	217
194	218
194	219
194	220
194	221
194	222
194	223
194	224
194	225
194	226
195	198
195	199
195	200
195	201
195	202
195	216
195	217
195	220
195	221
195	223
195	224
196	199
196	200
196	201
196	202
196	203
196	213
196	214
196	215
196	216
196	217
196	218
196	219
196	220
196	221
196	222
196	223
196	224
197	200
197	201
197	202
197	203
197	204
197	205
197	212
197	213
197	214
197	215
197	216
197	217
197	218
197	219
197	220
197	221
197	222
197	223
197	224
197	225
197	226
197	229
197	230
197	233
198	201
198	202
198	203
198	204
198	205
198	213
198	214
198	216
198	217
198	218
198	219
198	220
198	221
198	224
199	202
199	203
199	204
199	205
199	206
199	207
199	212
199	213
199	214
199	216
199	217
199	218
199	220
199	221
200	203
200	204
200	205
200	206
200	207
200	208
200	209
200	210
200	211
200	212
200	213
200	214
200	215
200	216
200	217
200	218
200	219
200	220
200	221
200	233
200	249
200	253
201	204
201	205
201	206
201	207
201	208
201	209
201	210
201	211
201	212
201	213
201	214
201	215
201	216
201	217
201	218
201	219
201	220
201	221
201	229
201	230
201	233
202	205
202	206
202	207
202	208
202	209
202	210
202	212
202	213
202	214
202	216
202	217
203	206
203	207
203	208
203	209
203	210
203	211
203	212
203	213
203	214
203	215
203	216
203	217
203	249
203	250
203	253
204	207
204	208
204	209
204	210
204	211
204	212
204	213
204	214
204	215
204	216
204	217
204	218
204	232
204	233
204	234
204	236
204	237
204	240
204	249
204	250
205	208
205	209
205	210
205	211
205	212
205	213
205	214
205	217
205	233
205	236
206	209
206	210
206	213
206	214
206	249
207	210
207	211
207	212
207	213
207	214
207	236
207	237
207	240
207	247
207	248
207	249
207	250
208	211
208	212
208	213
208	214
208	233
208	236
208	237
208	240
208	241
208	244
208	247
208	249
209	212
209	213
209	214
209	215
209	217
209	232
209	233
209	234
209	235
209	236
209	237
209	238
209	239
209	240
209	241
209	242
209	243
209	244
209	247
209	249
209	250
210	213
210	214
210	215
210	216
210	217
210	218
210	233
210	234
210	235
210	236
210	237
210	238
210	239
210	240
210	241
210	242
210	243
210	244
210	245
210	246
210	247
210	248
210	249
210	250
210	251
210	253
211	214
211	215
211	216
211	217
211	218
211	232
211	233
211	234
211	235
211	236
211	237
211	238
211	239
211	240
211	241
211	242
211	243
211	244
211	245
211	246
211	247
211	248
211	249
211	250
211	251
211	252
211	253
211	254
212	215
212	216
212	217
212	218
212	219
212	220
212	233
212	234
212	236
212	237
212	238
212	240
212	241
212	244
212	245
212	247
212	248
212	249
212	250
212	251
212	252
212	253
212	254
212	255
212	256
212	257
213	216
213	217
213	218
213	219
213	220
213	221
213	230
213	232
213	233
213	234
213	236
213	237
213	238
213	240
213	241
213	249
213	250
213	252
213	253
213	254
214	217
214	218
214	219
214	220
214	221
214	229
214	230
214	231
214	232
214	233
214	234
214	235
214	236
214	237
214	238
214	239
214	240
214	241
214	249
214	250
214	253
215	218
215	219
215	220
215	221
215	222
215	229
215	230
215	231
215	232
215	233
215	234
215	235
215	236
215	237
215	238
215	239
215	240
215	241
215	250
215	253
216	219
216	220
216	221
216	222
216	223
216	229
216	230
216	231
216	232
216	233
216	234
216	235
216	236
216	237
216	250
216	253
216	254
217	220
217	221
217	222
217	223
217	224
217	226
217	227
217	228
217	229
217	230
217	231
217	232
217	233
217	234
217	235
217	236
217	237
218	221
218	222
218	223
218	224
218	225
218	226
218	227
218	228
218	229
218	230
218	231
218	232
218	233
218	234
218	235
218	236
218	237
218	238
219	222
219	223
219	224
219	225
219	226
219	227
219	228
219	229
219	230
219	231
219	232
219	233
219	234
219	237
220	223
220	224
220	225
220	226
220	227
220	228
220	229
220	230
220	231
220	233
220	234
221	224
221	225
221	226
221	227
221	228
221	229
221	230
221	231
221	232
221	233
221	234
222	225
222	226
222	227
222	228
222	229
222	230
222	231
222	232
222	233
222	234
223	226
223	227
223	228
223	229
223	230
224	227
224	228
224	229
224	230
225	228
225	229
225	230
225	231
226	229
226	230
226	231
226	232
226	233
227	230
227	231
227	232
227	233
227	234
228	231
228	232
228	233
228	234
228	235
229	232
229	233
229	234
229	235
229	236
230	233
230	234
230	235
230	236
230	237
231	234
231	235
231	236
231	237
231	238
232	235
232	236
232	237
232	238
232	239
233	236
233	237
233	238
233	239
233	240
234	237
234	238
234	239
234	240
234	241
235	238
235	239
235	240
235	241
236	239
236	240
236	241
236	242
236	243
237	240
237	241
237	242
237	243
237	244
237	245
237	250
238	241
238	242
238	243
238	244
238	245
239	242
239	243
239	244
239	245
240	243
240	244
240	245
240	246
240	247
240	250
241	244
241	245
241	246
241	247
241	248
241	249
241	250
241	251
242	245
242	246
242	247
242	250
243	246
243	247
244	247
244	248
244	249
244	250
244	251
245	248
245	249
245	250
245	251
246	249
246	250
246	251
246	252
246	254
246	270
246	273
246	274
247	250
247	251
247	252
247	253
247	254
247	270
247	273
247	274
247	275
248	251
248	252
248	253
248	254
248	255
248	269
248	270
248	271
248	272
248	273
248	274
248	275
248	276
249	252
249	253
249	254
249	255
249	256
249	270
249	271
249	273
249	274
249	275
249	276
250	253
250	254
250	255
250	256
250	257
250	270
250	271
250	273
250	274
251	254
251	255
251	256
251	257
251	258
251	266
251	267
251	268
251	269
251	270
251	271
251	272
251	273
251	274
251	275
251	276
252	255
252	256
252	257
252	258
252	259
252	266
252	267
252	268
252	269
252	270
252	271
252	272
252	273
252	274
252	275
252	276
253	256
253	257
253	258
253	259
253	260
253	267
253	268
253	270
253	271
253	273
253	274
254	257
254	258
254	259
254	260
254	261
254	263
254	264
254	266
254	267
254	268
254	269
254	270
254	271
254	272
254	273
254	274
255	258
255	259
255	260
255	261
255	262
255	263
255	264
255	265
255	266
255	267
255	268
255	269
255	270
255	271
255	272
255	273
255	274
255	276
256	259
256	260
256	261
256	262
256	263
256	264
256	265
256	266
256	267
256	268
256	269
256	270
256	271
257	260
257	261
257	262
257	263
257	264
257	265
257	266
257	267
257	268
257	270
257	271
258	261
258	262
258	263
258	264
258	265
258	266
258	267
258	268
258	269
258	270
258	271
259	262
259	263
259	264
259	265
259	266
259	267
259	268
259	269
259	270
259	271
259	282
259	285
259	286
259	289
259	311
260	263
260	264
260	265
260	266
260	267
260	289
260	311
261	264
261	265
261	266
261	267
261	289
262	265
262	266
262	267
262	268
262	285
262	286
262	287
262	288
262	289
262	290
262	292
262	293
262	311
262	312
262	315
263	266
263	267
263	268
263	269
263	270
263	285
263	286
263	287
263	288
263	289
263	290
263	293
264	267
264	268
264	269
264	270
264	271
264	281
264	282
264	283
264	284
264	285
264	286
264	287
264	288
264	289
264	290
264	293
265	268
265	269
265	270
265	271
265	272
265	282
265	283
265	284
265	285
265	286
265	287
265	288
265	289
265	290
266	269
266	270
266	271
266	272
266	273
266	282
266	286
267	270
267	271
267	272
267	273
267	274
267	276
267	282
267	285
267	286
268	271
268	272
268	273
268	274
268	275
268	276
268	277
268	278
268	279
268	281
268	282
268	283
268	285
268	286
269	272
269	273
269	274
269	275
269	276
269	278
269	282
269	286
270	273
270	274
270	275
270	276
271	274
271	275
271	276
271	277
271	278
271	279
271	282
272	275
272	276
272	277
272	278
272	279
272	282
273	276
273	277
273	278
274	277
274	278
275	278
276	279
276	282
277	280
277	281
277	282
278	281
278	282
278	283
279	282
279	283
279	284
279	285
279	286
279	307
280	283
280	284
280	285
280	286
280	287
280	303
280	306
280	307
281	284
281	285
281	286
281	287
281	288
281	303
281	304
281	305
281	306
281	307
281	308
281	309
281	312
282	285
282	286
282	287
282	288
282	289
282	303
282	304
282	306
282	307
283	286
283	287
283	288
283	289
283	290
283	291
283	300
283	303
283	304
283	306
283	307
284	287
284	288
284	289
284	290
284	291
284	299
284	300
284	301
284	302
284	303
284	304
284	305
284	306
284	307
284	308
284	309
284	312
285	288
285	289
285	290
285	291
285	292
285	299
285	300
285	301
285	302
285	303
285	304
285	305
285	306
285	307
285	308
285	309
285	311
285	312
285	315
286	289
286	290
286	291
286	292
286	293
286	299
286	300
286	303
286	304
286	307
286	312
287	290
287	291
287	292
287	293
287	294
287	296
287	297
287	298
287	299
287	300
287	301
287	302
287	303
287	304
287	306
287	307
287	312
288	291
288	292
288	293
288	294
288	295
288	296
288	297
288	298
288	299
288	300
288	301
288	302
288	303
288	304
288	305
288	306
288	307
288	308
288	311
288	312
288	313
288	315
288	316
288	319
289	292
289	293
289	294
289	295
289	296
289	297
289	298
289	299
289	300
289	301
289	302
289	303
289	304
289	307
289	311
289	312
289	315
289	316
289	319
290	293
290	294
290	295
290	296
290	297
290	298
290	299
290	300
290	301
290	303
290	304
291	294
291	295
291	296
291	297
291	298
291	299
291	300
291	301
291	302
291	303
291	304
291	315
291	316
291	319
292	295
292	296
292	297
292	298
292	299
292	300
292	301
292	302
292	303
292	304
292	312
292	315
292	316
292	318
292	319
292	320
292	322
292	323
293	296
293	297
293	298
293	299
293	300
293	315
293	319
294	297
294	298
294	299
294	300
295	298
295	299
295	300
295	301
295	319
295	322
295	323
296	299
296	300
296	301
296	302
296	303
296	319
296	320
296	322
296	323
297	300
297	301
297	302
297	303
297	304
297	305
297	315
297	316
297	317
297	318
297	319
297	320
297	321
297	322
297	323
297	324
297	325
298	301
298	302
298	303
298	304
298	305
298	315
298	316
298	317
298	318
298	319
298	320
298	321
298	322
298	323
298	324
298	325
299	302
299	303
299	304
299	305
299	306
299	316
299	319
299	320
299	323
300	303
300	304
300	305
300	306
300	307
300	312
300	313
300	315
300	316
300	317
300	318
300	319
300	320
300	322
300	323
301	304
301	305
301	306
301	307
301	308
301	312
301	313
301	314
301	315
301	316
301	317
301	318
301	319
301	320
301	321
301	322
301	323
301	325
301	328
301	329
301	332
302	305
302	306
302	307
302	308
302	312
302	313
302	315
302	316
302	319
302	320
303	306
303	307
303	308
303	309
303	312
303	313
303	315
303	316
303	319
304	307
304	308
304	309
304	310
304	311
304	312
304	313
304	314
304	315
304	316
304	317
304	318
304	319
304	320
304	332
305	308
305	309
305	310
305	311
305	312
305	313
305	314
305	315
305	316
305	317
305	319
305	320
305	328
305	329
305	332
306	309
306	310
306	312
306	313
306	316
307	310
307	311
307	312
307	313
307	314
307	315
307	316
308	311
308	312
308	313
308	314
308	315
308	316
308	332
308	335
308	336
309	312
309	313
309	314
309	315
309	316
309	332
309	335
309	336
309	339
310	313
310	314
310	315
310	316
310	317
310	331
310	332
310	333
310	334
310	335
310	336
310	337
310	338
310	339
310	340
310	341
310	346
311	314
311	315
311	316
311	317
311	318
311	332
311	333
311	334
311	335
311	336
311	337
311	338
311	339
311	340
311	343
311	345
311	346
312	315
312	316
312	317
312	318
312	319
312	320
312	329
312	332
312	333
312	335
312	336
312	337
312	339
312	346
313	316
313	317
313	318
313	319
313	320
313	328
313	329
313	330
313	331
313	332
313	333
313	334
313	335
313	336
313	337
313	338
313	339
313	340
313	345
313	346
313	349
313	350
314	317
314	318
314	319
314	320
314	321
314	328
314	329
314	330
314	331
314	332
314	333
314	334
314	335
314	336
314	337
314	338
314	339
314	340
314	343
314	344
314	345
314	346
314	347
314	348
314	349
314	350
314	353
315	318
315	319
315	320
315	321
315	322
315	328
315	329
315	330
315	331
315	332
315	333
315	334
315	335
315	336
315	337
315	345
315	346
315	349
315	350
316	319
316	320
316	321
316	322
316	323
316	325
316	326
316	327
316	328
316	329
316	330
316	331
316	332
316	333
316	334
316	335
316	336
316	346
316	349
316	350
317	320
317	321
317	322
317	323
317	324
317	325
317	326
317	327
317	328
317	329
317	330
317	331
317	332
317	333
317	334
317	335
317	336
317	337
317	345
317	346
317	347
317	348
317	349
317	350
317	351
317	352
317	353
317	354
318	321
318	322
318	323
318	324
318	325
318	326
318	327
318	328
318	329
318	330
318	331
318	332
318	333
318	334
318	336
318	345
318	346
318	347
318	348
318	349
318	350
318	351
318	352
318	353
318	354
318	356
319	322
319	323
319	324
319	325
319	326
319	327
319	328
319	329
319	330
319	332
319	333
319	349
319	350
319	353
320	323
320	324
320	325
320	326
320	327
320	328
320	329
320	330
320	331
320	332
320	333
320	349
320	350
320	352
320	353
320	356
320	357
321	324
321	325
321	326
321	327
321	328
321	329
321	330
321	331
321	332
321	333
321	349
321	350
321	351
321	352
321	353
321	354
321	355
321	356
321	357
322	325
322	326
322	327
322	328
322	329
322	330
322	349
322	352
322	353
322	356
323	326
323	327
323	328
323	329
323	353
323	356
324	327
324	328
324	329
324	330
324	352
324	353
324	356
324	357
325	328
325	329
325	330
325	331
325	332
325	353
325	354
325	356
325	357
326	329
326	330
326	331
326	332
326	333
326	334
326	349
326	350
326	351
326	352
326	353
326	354
326	355
326	356
326	357
326	358
326	359
327	330
327	331
327	332
327	333
327	334
327	350
327	352
327	353
327	354
327	355
327	356
327	357
327	358
327	359
328	331
328	332
328	333
328	334
328	335
328	350
328	353
328	354
328	356
328	357
329	332
329	333
329	334
329	335
329	336
329	337
329	346
329	349
329	350
329	351
329	352
329	353
329	354
329	355
329	356
329	357
330	333
330	334
330	335
330	336
330	337
330	346
330	347
330	348
330	349
330	350
330	351
330	352
330	353
330	354
330	355
330	356
330	357
330	358
330	359
330	362
330	363
331	334
331	335
331	336
331	337
331	338
331	346
331	349
331	350
331	353
331	354
331	357
332	335
332	336
332	337
332	338
332	339
332	346
332	347
332	349
332	350
332	353
333	336
333	337
333	338
333	339
333	340
333	341
333	342
333	343
333	344
333	345
333	346
333	347
333	348
333	349
333	350
333	351
333	352
333	353
333	354
334	337
334	338
334	339
334	340
334	341
334	342
334	343
334	345
334	346
334	347
334	348
334	349
334	350
334	351
334	352
334	353
334	354
334	362
334	363
334	366
335	338
335	339
335	340
335	341
335	342
335	343
335	346
335	347
335	349
335	350
336	339
336	340
336	341
336	342
336	343
336	344
336	345
336	346
336	347
336	348
336	349
336	350
337	340
337	341
337	342
337	343
337	344
337	345
337	346
337	347
337	348
337	349
337	350
337	351
337	366
337	370
338	341
338	342
338	343
338	346
338	347
338	350
338	366
338	370
339	342
339	343
339	346
339	347
340	343
340	344
340	345
340	346
340	347
340	370
341	344
341	345
341	346
341	347
341	348
341	350
341	366
341	367
341	369
341	370
341	371
341	373
341	374
342	345
342	346
342	347
342	348
342	349
342	350
342	351
342	366
342	367
342	368
342	369
342	370
342	371
342	372
342	373
342	374
342	375
342	377
342	378
342	379
342	380
343	346
343	347
343	348
343	349
343	350
343	366
343	367
343	370
343	371
343	373
343	374
343	377
343	379
343	380
344	347
344	348
344	349
344	350
344	351
344	366
344	367
344	370
344	371
344	374
344	377
344	378
344	379
344	380
344	381
344	382
344	383
345	348
345	349
345	350
345	351
345	352
345	379
345	380
345	383
346	349
346	350
346	351
346	352
346	353
346	354
346	366
346	367
346	370
346	379
346	380
347	350
347	351
347	352
347	353
347	354
347	362
347	363
347	364
347	365
347	366
347	367
347	368
347	369
347	370
347	371
347	377
347	379
347	380
347	381
347	382
347	383
347	384
348	351
348	352
348	353
348	354
348	355
348	363
348	364
348	366
348	367
348	370
348	378
348	379
348	380
348	381
348	382
348	383
348	384
348	386
348	387
349	352
349	353
349	354
349	355
349	356
349	363
349	366
349	367
349	379
349	380
349	383
350	353
350	354
350	355
350	356
350	357
350	359
350	360
350	362
350	363
350	364
350	365
350	366
350	367
350	380
350	383
351	354
351	355
351	356
351	357
351	358
351	359
351	360
351	361
351	362
351	363
351	364
351	365
351	366
351	367
351	368
351	370
351	379
351	380
351	382
351	383
351	384
351	386
351	387
352	355
352	356
352	357
352	358
352	359
352	360
352	362
352	363
352	364
352	366
352	367
352	383
352	384
352	386
352	387
352	390
353	356
353	357
353	358
353	359
353	360
353	361
353	362
353	363
353	366
354	357
354	358
354	359
354	360
354	361
354	362
354	363
354	364
354	365
354	366
354	367
354	387
355	358
355	359
355	360
355	361
355	362
355	363
355	364
355	365
355	366
355	383
355	386
355	387
355	388
355	390
355	391
355	394
356	359
356	360
356	361
356	362
356	363
356	390
357	360
357	361
357	362
357	363
358	361
358	362
358	363
358	390
358	391
358	394
359	362
359	363
359	364
359	365
359	366
359	387
359	390
359	391
359	394
359	396
360	363
360	364
360	365
360	366
360	367
360	383
360	384
360	386
360	387
360	388
360	389
360	390
360	391
360	392
360	393
360	394
360	395
360	396
360	399
360	400
360	403
361	364
361	365
361	366
361	367
361	368
361	384
361	387
361	388
361	390
361	391
361	394
361	396
361	399
361	400
361	403
362	365
362	366
362	367
362	368
362	369
362	370
362	384
362	387
363	366
363	367
363	368
363	369
363	370
363	380
363	383
363	384
363	385
363	386
363	387
363	388
363	390
363	391
363	403
364	367
364	368
364	369
364	370
364	371
364	380
364	381
364	382
364	383
364	384
364	385
364	386
364	387
364	388
364	389
364	390
364	391
364	399
364	400
364	402
364	403
364	404
364	406
364	407
365	368
365	369
365	370
365	371
365	372
365	380
365	383
365	384
365	387
365	388
365	403
365	407
366	369
366	370
366	371
366	372
366	373
366	380
366	381
366	383
366	384
366	387
367	370
367	371
367	372
367	373
367	374
367	375
367	377
367	378
367	379
367	380
367	381
367	382
367	383
367	384
367	385
367	386
367	387
367	388
367	403
367	407
368	371
368	372
368	373
368	374
368	375
368	377
368	380
368	381
368	382
368	383
368	384
368	385
368	387
368	388
368	403
368	404
368	406
368	407
368	408
368	410
368	411
369	372
369	373
369	374
369	375
369	380
369	381
369	384
369	407
370	373
370	374
370	375
370	376
370	377
370	378
370	379
370	380
370	381
370	383
370	384
370	407
371	374
371	375
371	376
371	377
371	378
371	379
371	380
371	381
371	382
371	383
371	384
371	385
371	407
371	408
371	410
371	411
371	415
372	375
372	376
372	377
372	380
372	381
372	406
372	407
372	408
372	410
372	411
373	376
373	377
373	380
373	381
374	377
374	378
374	379
374	380
374	381
374	410
374	411
374	415
375	378
375	379
375	380
375	381
375	407
375	408
375	410
375	411
375	412
375	413
375	414
375	415
375	416
376	379
376	380
376	381
376	382
376	410
376	411
376	412
376	413
376	414
376	415
376	416
376	418
377	380
377	381
377	382
377	383
377	384
377	411
377	412
377	414
377	415
377	418
378	381
378	382
378	383
378	384
378	385
378	414
378	415
378	416
378	417
378	418
378	419
379	382
379	383
379	384
379	385
379	386
379	415
379	418
379	419
380	383
380	384
380	385
380	386
380	387
380	407
380	415
380	418
380	419
381	384
381	385
381	386
381	387
381	388
381	404
381	407
381	408
381	410
381	411
381	412
381	414
381	415
381	416
381	417
381	418
381	419
381	420
381	422
381	423
382	385
382	386
382	387
382	388
382	389
382	414
382	415
382	416
382	417
382	418
382	419
382	420
382	421
382	422
382	423
382	426
383	386
383	387
383	388
383	389
383	390
383	418
383	419
383	422
383	423
384	387
384	388
384	389
384	390
384	391
384	400
384	403
384	404
384	406
384	407
384	408
384	415
384	416
384	418
384	419
384	420
384	422
384	423
385	388
385	389
385	390
385	391
385	392
385	400
385	403
385	404
385	405
385	407
385	408
385	415
385	416
385	417
385	418
385	419
385	420
385	421
385	422
385	423
385	424
385	425
385	426
385	427
386	389
386	390
386	391
386	392
386	393
386	394
386	400
386	403
386	404
386	418
386	419
386	420
386	422
386	423
386	424
386	425
386	426
386	427
387	390
387	391
387	392
387	393
387	394
387	396
387	397
387	399
387	400
387	401
387	403
387	404
387	407
387	419
387	422
387	423
387	424
387	426
387	427
388	391
388	392
388	393
388	394
388	395
388	396
388	397
388	398
388	399
388	400
388	401
388	402
388	403
388	404
388	405
388	406
388	407
388	408
388	418
388	419
388	420
388	421
388	422
388	423
388	424
388	425
388	426
388	427
389	392
389	393
389	394
389	395
389	396
389	397
389	398
389	399
389	400
389	401
389	403
389	404
389	419
389	420
389	421
389	422
389	423
389	424
389	425
389	426
389	427
389	428
389	429
390	393
390	394
390	395
390	396
390	397
390	399
390	400
390	401
390	403
390	404
390	423
390	424
390	426
390	427
390	428
391	394
391	395
391	396
391	397
391	398
391	399
391	400
391	401
391	402
391	403
391	404
391	423
391	424
391	426
391	427
392	395
392	396
392	397
392	398
392	399
392	400
392	401
392	402
392	403
392	404
392	423
392	424
392	426
392	427
392	428
393	396
393	397
393	398
393	399
393	400
393	423
393	424
393	426
393	427
393	428
393	429
394	397
394	398
394	399
394	400
394	427
395	398
395	399
395	400
395	401
396	399
396	400
396	401
396	402
396	403
396	404
397	400
397	401
397	402
397	403
397	404
397	427
398	401
398	402
398	403
398	404
398	405
399	402
399	403
399	404
399	405
399	406
400	403
400	404
400	405
400	406
400	407
400	408
400	419
400	420
400	423
400	424
400	427
401	404
401	405
401	406
401	407
401	408
401	419
401	420
401	423
401	424
402	405
402	406
402	407
402	408
402	409
403	406
403	407
403	408
403	409
403	410
403	419
403	420
403	423
404	407
404	408
404	409
404	410
404	411
404	416
404	417
404	418
404	419
404	420
404	421
404	422
404	423
404	424
405	408
405	409
405	410
405	411
405	416
405	419
405	420
406	409
406	410
406	411
406	416
406	419
406	420
407	410
407	411
407	412
407	415
407	416
407	417
407	418
407	419
407	420
408	411
408	412
408	413
408	414
408	415
408	416
408	417
408	418
408	419
408	420
408	421
408	423
409	412
409	413
409	415
409	416
409	417
409	419
409	420
410	413
410	414
410	415
410	416
410	419
411	414
411	415
411	416
411	417
411	418
411	419
411	420
412	415
412	416
412	417
412	418
412	419
412	420
413	416
413	417
413	418
413	419
413	420
413	421
414	417
414	418
414	419
414	420
414	421
414	422
415	418
415	419
415	420
415	421
415	422
415	423
416	419
416	420
416	421
416	422
416	423
417	420
417	421
417	422
417	423
417	424
417	425
417	457
417	458
417	461
418	421
418	422
418	423
418	424
418	425
418	426
418	461
419	422
419	423
419	424
419	425
419	426
419	427
420	423
420	424
420	425
420	426
420	427
420	458
421	424
421	425
421	426
421	427
421	428
421	454
421	457
421	458
421	459
421	460
421	461
421	462
422	425
422	426
422	427
422	428
422	433
422	457
422	458
422	459
422	460
422	461
422	462
423	426
423	427
423	428
423	458
423	461
423	462
424	427
424	428
424	429
424	430
424	432
424	433
424	458
424	461
424	462
425	428
425	429
425	430
425	431
425	432
425	433
425	434
425	436
425	437
425	457
425	458
425	459
425	460
425	461
425	462
425	463
426	429
426	430
426	432
426	433
426	458
426	461
426	462
426	463
427	430
427	431
427	432
427	433
427	462
428	431
428	432
428	433
428	434
428	435
428	436
428	458
428	462
429	432
429	433
429	434
429	435
429	436
429	462
430	433
430	434
430	435
430	436
430	437
430	462
430	463
431	434
431	435
431	436
431	437
431	438
431	462
432	435
432	436
432	437
432	438
432	439
432	458
432	459
432	462
433	436
433	437
433	438
433	439
433	440
433	455
433	456
433	458
433	459
433	460
433	461
433	462
433	463
433	464
433	466
434	437
434	438
434	439
434	440
434	441
434	455
434	458
434	459
434	460
434	462
434	463
434	464
434	466
434	467
435	438
435	439
435	440
435	441
435	442
435	455
435	456
435	458
435	459
435	462
435	463
436	439
436	440
436	441
436	442
436	443
436	451
436	452
436	453
436	454
436	455
436	456
436	457
436	458
436	459
436	460
436	461
436	462
436	463
436	464
436	466
436	467
437	440
437	441
437	442
437	443
437	444
437	451
437	452
437	454
437	455
437	456
437	457
437	458
437	459
437	460
437	461
437	462
437	463
437	464
437	465
437	466
437	467
437	468
437	469
437	470
438	441
438	442
438	443
438	444
438	445
438	452
438	455
438	456
438	458
438	459
438	460
438	462
438	463
438	464
438	466
438	467
438	469
438	470
439	442
439	443
439	444
439	445
439	446
439	447
439	448
439	449
439	451
439	452
439	453
439	454
439	455
439	456
439	457
439	458
439	459
439	466
439	467
439	470
440	443
440	444
440	445
440	446
440	447
440	448
440	449
440	450
440	451
440	452
440	453
440	454
440	455
440	456
440	457
440	458
440	459
440	460
440	461
440	462
440	463
440	464
440	466
440	467
440	468
440	470
440	471
441	444
441	445
441	446
441	447
441	448
441	449
441	451
441	452
441	453
441	454
441	455
441	456
441	457
441	458
441	459
441	460
441	463
441	464
441	465
441	466
441	467
441	468
441	469
441	470
441	471
441	472
441	473
441	474
442	445
442	446
442	447
442	448
442	449
442	451
442	452
442	453
442	455
442	456
442	459
442	467
442	470
442	471
442	474
443	446
443	447
443	448
443	449
443	450
443	451
443	452
443	453
443	454
443	455
443	456
443	459
443	467
443	470
443	471
444	447
444	448
444	449
444	450
444	451
444	452
444	453
444	454
444	455
444	456
444	467
444	468
444	470
444	471
444	474
445	448
445	449
445	451
445	452
445	467
445	470
445	471
445	473
445	474
445	477
446	449
446	450
446	451
446	452
447	450
447	451
447	452
447	453
448	451
448	452
448	453
448	454
448	455
448	456
449	452
449	453
449	454
449	455
449	456
449	457
450	453
450	454
450	455
450	456
450	457
451	454
451	455
451	456
451	457
451	458
451	459
452	455
452	456
452	457
452	458
452	459
452	460
452	467
453	456
453	457
453	458
453	459
453	460
454	457
454	458
454	459
454	460
454	461
455	458
455	459
455	460
455	461
455	462
455	463
455	464
455	467
456	459
456	460
456	461
456	462
456	463
456	464
456	465
456	466
456	467
456	468
456	470
456	471
457	460
457	461
457	462
457	463
457	464
457	467
458	461
458	462
458	463
458	464
458	466
458	467
459	462
459	463
459	464
459	465
459	466
459	467
459	468
459	469
459	470
460	463
460	464
460	465
460	466
460	467
460	468
460	469
460	470
461	464
461	465
461	466
461	467
462	465
462	466
462	467
463	466
463	467
463	468
463	469
463	470
463	498
463	500
464	467
464	468
464	469
464	470
464	471
464	491
464	495
464	501
465	468
465	469
465	470
465	471
465	472
465	473
465	487
465	488
465	490
465	491
465	492
465	494
465	495
465	496
465	498
465	499
465	500
465	501
465	502
466	469
466	470
466	471
466	472
466	473
466	488
466	491
466	495
466	498
466	499
466	500
466	501
466	504
467	470
467	471
467	472
467	473
467	474
467	488
467	491
467	500
467	501
468	471
468	472
468	473
468	474
468	475
468	484
468	487
468	488
468	489
468	490
468	491
468	492
468	495
468	500
468	501
468	504
469	472
469	473
469	474
469	475
469	476
469	477
469	484
469	485
469	487
469	488
469	489
469	490
469	491
469	492
469	495
469	498
469	499
469	500
469	501
469	502
469	503
469	504
469	505
470	473
470	474
470	475
470	476
470	477
470	484
470	487
470	488
470	500
470	501
470	504
471	474
471	475
471	476
471	477
471	478
471	483
471	484
471	487
471	488
471	491
471	501
471	504
472	475
472	476
472	477
472	478
472	479
472	480
472	481
472	482
472	483
472	484
472	485
472	486
472	487
472	488
472	489
472	490
472	491
472	500
472	501
472	504
472	505
472	508
473	476
473	477
473	478
473	479
473	480
473	481
473	482
473	483
473	484
473	485
473	486
473	487
473	488
473	489
473	500
473	501
473	502
473	503
473	504
473	505
473	506
473	507
473	508
473	509
473	511
474	477
474	478
474	479
474	480
474	481
474	482
474	483
474	484
474	485
474	487
474	488
474	504
474	508
475	478
475	479
475	480
475	481
475	482
475	483
475	484
475	485
475	486
475	487
475	488
475	504
475	505
475	508
475	511
476	479
476	480
476	481
476	482
476	483
476	484
476	485
476	486
476	487
476	488
476	504
476	505
476	506
476	507
476	508
476	509
476	510
476	511
476	512
477	480
477	481
477	482
477	483
477	484
477	504
477	507
477	508
477	511
477	512
478	481
478	482
478	483
478	484
478	508
478	511
479	482
479	483
479	484
479	485
479	507
479	508
479	509
479	510
479	511
479	512
480	483
480	484
480	485
480	486
480	487
480	508
480	509
480	511
480	512
481	484
481	485
481	486
481	487
481	488
481	504
481	505
481	506
481	507
481	508
481	509
481	510
481	511
481	512
481	513
481	514
482	485
482	486
482	487
482	488
482	489
482	505
482	507
482	508
482	509
482	510
482	511
482	512
482	514
483	486
483	487
483	488
483	489
483	490
483	505
483	508
483	509
483	512
484	487
484	488
484	489
484	490
484	491
484	501
484	502
484	504
484	505
484	506
484	507
484	508
484	509
484	511
484	512
485	488
485	489
485	490
485	491
485	492
485	501
485	502
485	503
485	504
485	505
485	506
485	507
485	508
485	509
485	510
485	511
485	512
485	514
485	517
485	518
485	521
486	489
486	490
486	491
486	492
486	493
486	501
486	504
486	505
486	508
486	509
487	490
487	491
487	492
487	493
487	494
487	501
487	502
487	504
487	505
487	508
488	491
488	492
488	493
488	494
488	495
488	496
488	498
488	499
488	500
488	501
488	502
488	503
488	504
488	505
488	506
488	507
488	508
488	509
488	521
489	492
489	493
489	494
489	495
489	496
489	497
489	498
489	500
489	501
489	502
489	503
489	504
489	505
489	506
489	508
489	521
490	493
490	494
490	495
490	496
490	501
490	502
490	505
491	494
491	495
491	496
491	497
491	498
491	499
491	500
491	501
491	502
491	504
491	505
492	495
492	496
492	497
492	498
492	499
492	500
492	501
492	502
492	503
492	504
492	505
492	521
493	496
493	497
493	498
493	501
493	502
494	497
494	498
494	501
495	498
495	499
495	500
495	501
495	502
496	499
496	500
496	501
496	502
496	521
496	524
496	525
496	528
497	500
497	501
497	502
497	503
497	521
497	524
497	525
497	526
497	527
497	528
497	529
498	501
498	502
498	503
498	504
498	505
498	521
498	522
498	524
498	525
498	526
498	527
498	528
498	529
499	502
499	503
499	504
499	505
499	506
499	521
499	522
499	523
499	524
499	525
499	526
499	527
499	528
499	529
499	530
499	531
499	532
499	533
499	534
499	535
499	536
500	503
500	504
500	505
500	506
500	507
500	508
500	521
500	522
500	523
500	524
500	525
500	526
500	527
500	528
500	529
500	530
500	531
500	532
500	534
500	535
501	504
501	505
501	506
501	507
501	508
501	521
501	522
501	524
501	525
501	526
501	528
501	529
501	535
502	505
502	506
502	507
502	508
502	509
502	517
502	518
502	519
502	520
502	521
502	522
502	523
502	524
502	525
502	526
502	527
502	528
502	529
502	532
502	535
502	539
503	506
503	507
503	508
503	509
503	510
503	517
503	518
503	519
503	520
503	521
503	522
503	523
503	524
503	525
503	526
503	527
503	528
503	529
503	530
503	532
503	533
503	534
503	535
503	536
503	537
503	538
503	539
504	507
504	508
504	509
504	510
504	511
504	517
504	518
504	519
504	520
504	521
504	522
504	523
504	524
504	525
504	526
504	532
504	534
504	535
504	538
505	508
505	509
505	510
505	511
505	512
505	514
505	515
505	517
505	518
505	519
505	520
505	521
505	522
505	523
505	524
505	525
505	535
506	509
506	510
506	511
506	512
506	513
506	514
506	515
506	516
506	517
506	518
506	519
506	520
506	521
506	522
506	523
506	524
506	525
506	526
506	534
506	535
506	536
506	538
506	539
506	541
506	542
507	510
507	511
507	512
507	513
507	514
507	515
507	516
507	517
507	518
507	519
507	520
507	521
507	522
507	523
507	525
507	534
507	535
507	536
507	537
507	538
507	539
507	541
507	542
508	511
508	512
508	513
508	514
508	515
508	517
508	518
508	519
508	521
508	522
508	538
509	512
509	513
509	514
509	515
509	516
509	517
509	518
509	519
509	520
509	521
509	522
509	538
509	539
509	542
510	513
510	514
510	515
510	516
510	517
510	518
510	519
510	520
510	521
510	522
510	535
510	538
510	539
510	540
510	541
510	542
510	543
510	545
510	546
511	514
511	515
511	516
511	517
511	518
511	519
511	538
511	542
511	545
512	515
512	516
512	517
512	518
512	542
513	516
513	517
513	518
513	519
513	541
513	542
513	543
513	545
513	546
513	548
514	517
514	518
514	519
514	520
514	521
514	522
514	539
514	542
514	543
514	545
514	546
515	518
515	519
515	520
515	521
515	522
515	523
515	538
515	539
515	540
515	541
515	542
515	543
515	544
515	545
515	546
515	547
515	548
516	519
516	520
516	521
516	522
516	523
516	538
516	539
516	540
516	541
516	542
516	543
516	544
516	545
516	546
516	547
516	548
517	520
517	521
517	522
517	523
517	524
517	539
517	542
517	543
517	545
517	546
518	521
518	522
518	523
518	524
518	525
518	526
518	535
518	536
518	537
518	538
518	539
518	540
518	541
518	542
518	543
518	544
518	545
518	546
519	522
519	523
519	524
519	525
519	526
519	535
519	536
519	537
519	538
519	539
519	540
519	541
519	542
519	543
519	544
519	545
519	546
519	547
520	523
520	524
520	525
520	526
520	527
520	535
520	536
520	538
520	539
520	540
520	541
520	542
520	543
520	546
521	524
521	525
521	526
521	527
521	528
521	535
521	536
521	538
521	539
521	540
521	542
521	543
522	525
522	526
522	527
522	528
522	529
522	530
522	532
522	533
522	534
522	535
522	536
522	537
522	538
522	539
522	540
522	541
522	542
522	543
523	526
523	527
523	528
523	529
523	530
523	532
523	533
523	534
523	535
523	536
523	537
523	538
523	539
523	540
523	541
523	542
523	543
524	527
524	528
524	529
524	530
524	532
524	535
524	536
524	538
524	539
525	528
525	529
525	530
525	531
525	532
525	533
525	534
525	535
525	536
525	537
525	538
525	539
526	529
526	530
526	531
526	532
526	533
526	534
526	535
526	536
526	537
526	538
526	539
526	540
527	530
527	531
527	532
527	533
527	534
527	535
527	536
527	539
528	531
528	532
528	533
528	535
528	536
529	532
529	533
529	534
529	535
529	536
530	533
530	534
530	535
530	536
530	537
531	534
531	535
531	536
531	537
532	535
532	536
532	537
532	538
532	539
533	536
533	537
533	538
533	539
533	540
534	537
534	538
534	539
534	540
534	541
534	542
535	538
535	539
535	540
535	541
535	542
536	539
536	540
536	541
536	542
536	543
537	540
537	541
537	542
537	543
537	544
537	584
538	541
538	542
538	543
538	544
538	545
538	584
539	542
539	543
539	544
539	545
539	546
539	584
540	543
540	544
540	545
540	546
540	547
540	583
540	584
540	585
540	587
540	588
541	544
541	545
541	546
541	547
541	548
541	582
541	583
541	584
541	585
541	586
541	587
541	588
542	545
542	546
542	547
542	548
542	582
542	583
542	584
542	587
543	546
543	547
543	548
543	583
543	584
543	587
543	588
544	547
544	548
544	549
544	550
544	553
544	578
544	581
544	582
544	583
544	584
544	585
544	586
544	587
544	588
544	589
544	590
544	591
545	548
545	549
545	550
545	578
545	581
545	582
545	583
545	584
545	585
545	586
545	587
546	549
546	550
546	581
546	583
546	584
546	587
547	550
547	551
547	552
547	553
547	578
547	581
547	582
547	583
547	584
547	586
547	587
547	588
547	590
547	591
548	551
548	552
548	553
548	554
548	577
548	578
548	579
548	581
548	582
548	583
548	584
548	586
548	587
549	552
549	553
549	554
549	555
549	556
549	578
549	579
549	581
549	583
549	587
550	553
550	554
550	555
550	556
550	557
550	558
550	574
550	575
550	576
550	577
550	578
550	579
550	580
550	581
550	582
550	583
550	586
550	587
551	554
551	555
551	556
551	557
551	558
551	575
551	578
551	579
552	555
552	556
552	557
552	558
552	559
552	575
552	578
552	590
553	556
553	557
553	558
553	559
553	560
553	571
553	574
553	575
553	576
553	577
553	578
553	579
553	581
553	583
553	586
553	587
553	588
553	589
553	590
553	591
554	557
554	558
554	559
554	560
554	561
554	571
554	572
554	573
554	574
554	575
554	576
554	577
554	578
554	579
554	580
554	581
554	583
554	586
554	587
554	590
555	558
555	559
555	560
555	561
555	562
555	563
555	571
555	574
555	575
555	578
555	590
556	559
556	560
556	561
556	562
556	563
556	564
556	571
556	572
556	574
556	575
556	578
556	586
556	587
556	589
556	590
556	591
556	593
556	594
557	560
557	561
557	562
557	563
557	564
557	565
557	567
557	568
557	569
557	570
557	571
557	572
557	573
557	574
557	575
557	576
557	577
557	578
557	579
557	586
557	587
557	588
557	589
557	590
557	591
557	592
557	593
557	594
558	561
558	562
558	563
558	564
558	565
558	567
558	568
558	570
558	571
558	572
558	573
558	574
558	575
558	576
558	578
558	590
559	562
559	563
559	564
559	565
559	567
559	568
559	571
559	572
559	575
559	590
559	593
559	594
560	563
560	564
560	565
560	566
560	567
560	568
560	569
560	570
560	571
560	572
560	574
560	575
560	589
560	590
560	591
560	592
560	593
560	594
560	595
560	596
560	597
560	600
561	564
561	565
561	566
561	567
561	568
561	569
561	570
561	571
561	572
561	573
561	574
561	575
561	589
561	590
561	593
561	594
561	597
562	565
562	566
562	567
562	568
562	569
562	570
562	571
562	572
563	566
563	567
563	568
563	571
563	593
563	594
563	597
563	600
563	601
563	604
563	619
563	620
564	567
564	568
564	569
564	570
564	571
564	572
564	593
564	594
564	596
564	597
564	598
564	599
564	600
564	601
564	603
564	604
564	620
565	568
565	569
565	570
565	571
565	572
565	593
565	597
565	600
565	601
565	603
565	604
566	569
566	570
566	571
566	572
566	593
566	594
566	596
566	597
566	598
566	599
566	600
566	601
566	602
566	603
566	604
567	570
567	571
567	572
567	573
567	574
567	589
567	590
567	591
567	592
567	593
567	594
567	595
567	596
567	597
567	599
567	600
567	601
568	571
568	572
568	573
568	574
568	575
568	589
568	590
568	593
568	600
569	572
569	573
569	574
569	575
569	576
569	589
569	590
569	593
570	573
570	574
570	575
570	576
570	577
570	578
570	585
570	586
570	587
570	588
570	589
570	590
570	591
570	592
570	593
570	594
570	596
571	574
571	575
571	576
571	577
571	578
571	585
571	586
571	587
571	588
571	589
571	590
571	591
571	592
571	593
571	594
572	575
572	576
572	577
572	578
572	579
572	586
572	589
572	590
572	593
573	576
573	577
573	578
573	579
573	580
573	582
573	583
573	585
573	586
573	587
573	588
573	589
573	590
573	593
574	577
574	578
574	579
574	580
574	581
574	582
574	583
574	584
574	585
574	586
574	587
574	588
574	589
574	590
574	591
574	592
574	593
575	578
575	579
575	580
575	581
575	582
575	583
575	585
575	586
575	587
575	588
575	589
575	590
576	579
576	580
576	581
576	582
576	583
576	585
576	586
576	587
576	589
577	580
577	581
577	582
577	583
577	584
577	585
577	586
577	587
577	588
577	589
577	590
578	581
578	582
578	583
578	584
578	585
578	586
578	587
578	588
578	589
578	590
579	582
579	583
579	585
579	586
580	583
580	584
580	585
580	586
581	584
581	585
581	586
581	587
582	585
582	586
582	587
582	588
582	589
583	586
583	587
583	588
583	589
583	590
583	591
584	587
584	588
584	589
584	590
584	591
585	588
585	589
585	590
585	591
586	589
586	590
586	591
586	592
586	593
587	590
587	591
587	592
587	593
587	594
588	591
588	592
588	593
588	594
588	595
589	592
589	593
589	594
589	595
589	596
590	593
590	594
590	595
590	596
590	597
591	594
591	595
591	596
591	597
592	595
592	596
592	597
592	598
592	599
592	600
593	596
593	597
593	598
593	599
593	600
593	601
594	597
594	598
594	599
594	600
594	601
595	598
595	599
595	600
595	601
596	599
596	600
596	601
596	602
596	603
596	624
597	600
597	601
597	602
597	603
597	604
597	620
597	621
597	623
597	624
597	627
598	601
598	602
598	603
598	604
598	605
598	620
598	621
598	622
598	623
598	624
598	625
598	626
598	627
598	628
598	631
598	633
598	634
599	602
599	603
599	604
599	605
599	606
599	620
599	621
599	623
599	624
599	631
599	633
599	634
599	658
599	662
600	603
600	604
600	605
600	606
600	607
600	608
600	617
600	620
600	621
600	623
600	624
600	634
601	604
601	605
601	606
601	607
601	608
601	609
601	616
601	617
601	618
601	619
601	620
601	621
601	622
601	623
601	624
601	625
601	627
601	631
601	633
601	634
601	637
601	638
602	605
602	606
602	607
602	608
602	609
602	616
602	617
602	618
602	619
602	620
602	621
602	622
602	623
602	624
602	625
602	631
602	632
602	633
602	634
602	635
602	636
602	637
602	638
602	655
602	658
602	659
602	661
602	662
603	606
603	607
603	608
603	609
603	610
603	616
603	617
603	620
603	621
603	624
603	633
603	634
603	637
603	655
603	658
603	659
604	607
604	608
604	609
604	610
604	611
604	613
604	614
604	615
604	616
604	617
604	618
604	619
604	620
604	621
604	622
604	634
604	637
604	655
605	608
605	609
605	610
605	611
605	612
605	613
605	614
605	615
605	616
605	617
605	618
605	619
605	620
605	621
605	622
605	623
605	624
605	625
605	633
605	634
605	635
605	636
605	637
605	638
605	639
605	640
605	641
605	651
605	654
605	655
605	658
606	609
606	610
606	611
606	612
606	613
606	614
606	616
606	617
606	618
606	620
606	621
606	633
606	634
606	635
606	636
606	637
606	638
606	640
606	641
606	648
606	651
606	652
606	653
606	654
606	655
606	656
606	657
606	658
606	659
607	610
607	611
607	612
607	613
607	614
607	616
607	617
607	620
607	621
607	637
607	641
607	648
607	651
607	652
607	654
607	655
607	658
608	611
608	612
608	613
608	614
608	615
608	616
608	617
608	618
608	619
608	620
608	621
608	637
608	638
608	640
608	641
608	646
608	648
608	651
608	652
608	655
609	612
609	613
609	614
609	615
609	616
609	617
609	618
609	619
609	620
609	621
609	634
609	636
609	637
609	638
609	639
609	640
609	641
609	642
609	643
609	644
609	645
609	646
609	647
609	648
609	649
609	650
609	651
609	652
609	653
609	654
609	655
610	613
610	614
610	616
610	617
610	637
610	640
610	641
610	646
610	647
610	648
610	649
610	650
610	651
610	652
610	653
610	654
610	655
610	656
611	614
611	615
611	616
611	617
611	640
611	641
611	646
611	647
611	648
611	649
611	650
611	651
611	652
611	655
612	615
612	616
612	617
612	618
612	637
612	640
612	641
612	642
612	643
612	644
612	645
612	646
612	647
612	648
612	649
612	650
612	651
612	652
613	616
613	617
613	618
613	619
613	620
613	637
613	638
613	640
613	641
613	642
613	643
613	644
613	645
613	646
613	647
613	648
613	651
614	617
614	618
614	619
614	620
614	621
614	622
614	637
614	638
614	639
614	640
614	641
614	642
614	643
614	644
614	645
614	646
614	647
614	648
614	651
615	618
615	619
615	620
615	621
615	622
615	637
615	638
615	639
615	640
615	641
615	642
615	643
615	644
615	646
616	619
616	620
616	621
616	622
616	623
616	637
616	638
616	640
616	641
616	642
617	620
617	621
617	622
617	623
617	624
617	625
617	634
617	635
617	636
617	637
617	638
617	639
617	640
617	641
617	642
617	643
617	646
617	651
618	621
618	622
618	623
618	624
618	625
618	626
618	634
618	635
618	636
618	637
618	638
618	639
618	640
618	641
618	642
618	643
619	622
619	623
619	624
619	625
619	626
619	634
619	637
619	638
619	641
619	642
620	623
620	624
620	625
620	626
620	627
620	634
620	635
620	637
620	638
620	641
621	624
621	625
621	626
621	627
621	628
621	631
621	632
621	633
621	634
621	635
621	636
621	637
621	638
621	639
621	640
621	641
621	642
622	625
622	626
622	627
622	628
622	629
622	631
622	633
622	634
622	635
622	636
622	637
622	638
622	639
622	640
622	641
622	642
623	626
623	627
623	628
623	629
623	631
623	634
623	635
623	637
623	638
624	627
624	628
624	629
624	630
624	631
624	632
624	633
624	634
624	635
624	636
624	637
624	638
625	628
625	629
625	630
625	631
625	632
625	633
625	634
625	635
625	636
625	637
625	638
625	639
625	641
625	687
625	689
626	629
626	630
626	631
626	632
626	634
626	635
626	638
627	630
627	631
627	632
627	634
627	635
628	631
628	632
628	633
628	634
628	635
629	632
629	633
629	634
629	635
629	689
629	692
630	633
630	634
630	635
630	636
630	680
630	681
630	683
630	684
630	687
630	689
630	690
630	691
630	692
630	693
630	695
630	696
631	634
631	635
631	636
631	637
631	638
631	658
631	661
631	680
631	683
631	684
631	687
631	689
631	692
632	635
632	636
632	637
632	638
632	639
632	654
632	657
632	658
632	661
632	676
632	677
632	679
632	680
632	681
632	682
632	683
632	684
632	685
632	686
632	687
632	688
632	689
632	690
632	692
632	693
632	696
633	636
633	637
633	638
633	639
633	640
633	654
633	655
633	656
633	657
633	658
633	659
633	660
633	661
633	662
633	679
633	680
633	681
633	682
633	683
633	684
633	685
633	686
633	687
633	688
633	689
634	637
634	638
634	639
634	640
634	641
634	654
634	655
634	657
634	658
634	661
634	683
634	684
634	686
634	687
634	688
634	689
635	638
635	639
635	640
635	641
635	642
635	654
635	658
635	680
635	683
635	684
635	685
635	686
635	687
635	688
635	689
635	690
635	692
636	639
636	640
636	641
636	642
636	643
636	650
636	651
636	653
636	654
636	655
636	657
636	658
636	661
636	680
636	682
636	683
636	684
636	685
636	686
636	687
636	688
636	689
637	640
637	641
637	642
637	643
637	650
637	651
637	652
637	653
637	654
637	655
637	657
637	658
637	683
637	684
637	686
637	687
637	688
638	641
638	642
638	643
638	651
638	654
638	686
638	687
638	688
638	689
639	642
639	643
639	644
639	645
639	646
639	651
639	654
639	683
639	684
639	685
639	686
639	687
639	688
639	689
639	759
639	760
640	643
640	644
640	645
640	646
640	647
640	648
640	650
640	651
640	652
640	653
640	654
640	655
640	686
640	687
640	688
640	759
640	760
641	644
641	645
641	646
641	647
641	648
641	651
641	687
641	760
642	645
642	646
642	647
642	687
642	688
642	759
642	760
642	761
642	762
643	646
643	647
643	648
643	650
643	651
643	687
643	688
643	759
643	760
643	761
643	762
643	763
644	647
644	648
644	759
644	760
644	761
644	762
644	763
644	764
645	648
645	649
645	650
645	651
645	759
645	760
645	761
645	762
645	763
646	649
646	650
646	651
646	652
646	760
646	761
646	762
647	650
647	651
647	652
647	653
647	654
647	760
648	651
648	652
648	653
648	654
648	655
649	652
649	653
649	654
649	655
649	656
650	653
650	654
650	655
650	656
650	657
650	686
651	654
651	655
651	656
651	657
651	658
651	686
652	655
652	656
652	657
652	658
652	659
653	656
653	657
653	658
653	659
653	660
653	683
653	686
654	657
654	658
654	659
654	660
654	661
654	682
654	683
654	684
654	686
654	687
655	658
655	659
655	660
655	661
655	662
655	683
656	659
656	660
656	661
656	662
656	663
656	683
657	660
657	661
657	662
657	663
657	664
657	679
657	680
657	682
657	683
657	684
657	686
657	687
658	661
658	662
658	663
658	664
658	679
658	680
658	683
659	662
659	663
659	664
659	665
659	667
659	679
660	663
660	664
660	665
660	666
660	667
660	668
660	675
660	676
660	678
660	679
660	680
660	682
660	683
661	664
661	665
661	666
661	667
661	668
661	675
661	676
661	677
661	678
661	679
661	680
661	681
661	682
661	683
661	684
662	665
662	666
662	667
662	668
662	676
662	679
662	680
663	666
663	667
663	668
663	669
663	670
663	671
663	675
663	676
663	679
664	667
664	668
664	669
664	670
664	671
664	672
664	673
664	674
664	675
664	676
664	677
664	678
664	679
664	680
665	668
665	669
665	670
665	671
665	672
665	673
665	675
665	676
665	677
666	669
666	670
666	671
666	672
666	673
666	674
666	675
666	676
667	670
667	671
667	672
667	673
667	674
667	675
667	676
667	677
667	678
667	679
668	671
668	672
668	673
668	674
668	675
668	676
668	677
668	678
668	679
668	680
668	703
668	704
669	672
669	673
669	674
669	675
669	676
669	677
670	673
670	674
670	675
670	676
671	674
671	675
671	676
671	677
671	678
671	704
672	675
672	676
672	677
672	678
672	700
672	703
672	704
672	705
672	706
673	676
673	677
673	678
673	679
673	680
673	699
673	700
673	701
673	702
673	703
673	704
673	705
674	677
674	678
674	679
674	680
674	681
674	696
674	697
674	698
674	699
674	700
674	701
674	702
674	703
674	704
674	705
674	706
674	707
674	710
674	711
674	714
675	678
675	679
675	680
675	681
675	682
675	696
675	697
675	699
675	700
675	701
675	703
675	704
676	679
676	680
676	681
676	682
676	683
676	696
676	697
676	699
676	700
676	703
676	704
677	680
677	681
677	682
677	683
677	684
677	692
677	693
677	694
677	695
677	696
677	697
677	698
677	699
677	700
677	701
677	702
677	703
677	704
677	714
678	681
678	682
678	683
678	684
678	685
678	693
678	694
678	695
678	696
678	697
678	698
678	699
678	700
678	701
678	702
678	703
678	704
678	710
678	711
678	713
678	714
679	682
679	683
679	684
679	685
679	686
679	693
679	696
679	697
679	700
680	683
680	684
680	685
680	686
680	687
680	688
680	689
680	690
680	692
680	693
680	694
680	695
680	696
680	697
680	698
680	699
680	700
681	684
681	685
681	686
681	687
681	688
681	689
681	690
681	691
681	692
681	693
681	694
681	695
681	696
681	697
681	698
681	699
681	700
681	701
681	714
681	717
681	718
681	721
682	685
682	686
682	687
682	688
682	689
682	690
682	692
682	693
682	694
682	696
682	697
682	700
682	714
682	717
683	686
683	687
683	688
683	689
683	690
683	692
683	693
683	696
683	697
684	687
684	688
684	689
684	690
684	691
684	692
684	693
684	694
684	695
684	696
684	697
685	688
685	689
685	690
685	691
685	692
685	693
685	694
685	695
685	696
685	697
685	717
685	721
685	756
685	757
685	758
685	759
686	689
686	690
686	692
686	693
686	757
686	758
686	759
687	690
687	691
687	692
687	693
687	757
687	758
687	759
687	760
688	691
688	692
688	693
688	694
688	756
688	757
688	758
688	759
688	760
689	692
689	693
689	694
689	695
689	696
689	721
689	757
689	758
689	759
690	693
690	694
690	695
690	696
690	697
690	717
690	718
690	720
690	721
690	722
690	723
690	755
690	756
690	757
690	758
691	694
691	695
691	696
691	697
691	698
691	717
691	718
691	719
691	720
691	721
691	722
691	723
691	757
692	695
692	696
692	697
692	698
692	699
692	718
692	721
692	722
693	696
693	697
693	698
693	699
693	700
693	714
693	717
693	718
693	719
693	720
693	721
693	722
694	697
694	698
694	699
694	700
694	701
694	714
694	715
694	716
694	717
694	718
694	719
694	720
694	721
694	722
694	723
694	724
695	698
695	699
695	700
695	701
695	702
695	714
695	715
695	717
695	718
695	719
695	721
695	722
696	699
696	700
696	701
696	702
696	703
696	714
696	715
696	717
696	718
696	721
697	700
697	701
697	702
697	703
697	704
697	710
697	711
697	712
697	713
697	714
697	715
697	716
697	717
697	718
697	719
697	720
697	721
697	722
698	701
698	702
698	703
698	704
698	705
698	711
698	712
698	713
698	714
698	715
698	716
698	717
698	718
698	719
698	720
698	721
698	722
699	702
699	703
699	704
699	705
699	711
699	714
699	715
699	718
700	703
700	704
700	705
700	706
700	707
700	710
700	711
700	712
700	713
700	714
700	715
700	717
700	718
701	704
701	705
701	706
701	707
701	708
701	709
701	710
701	711
701	712
701	713
701	714
701	715
701	716
701	717
701	718
702	705
702	706
702	707
702	710
702	711
702	714
702	715
703	706
703	707
703	710
703	711
703	714
704	707
704	708
704	709
704	710
704	711
704	712
704	714
705	708
705	709
705	710
705	711
705	712
705	713
705	714
705	715
706	709
706	710
706	711
706	712
707	710
707	711
707	712
707	713
707	714
707	735
707	738
708	711
708	712
708	713
708	714
708	715
708	731
708	732
708	734
708	735
708	738
708	739
709	712
709	713
709	714
709	715
709	716
709	731
709	732
709	733
709	734
709	735
709	736
709	737
709	738
709	739
709	750
709	751
710	713
710	714
710	715
710	716
710	717
710	731
710	732
710	734
710	735
710	738
710	751
711	714
711	715
711	716
711	717
711	718
711	719
711	728
711	731
711	732
711	734
711	735
712	715
712	716
712	717
712	718
712	719
712	727
712	728
712	729
712	730
712	731
712	732
712	733
712	734
712	735
712	736
712	737
712	738
712	739
712	750
712	751
712	752
712	753
713	716
713	717
713	718
713	719
713	720
713	727
713	728
713	729
713	730
713	731
713	732
713	733
713	734
713	735
713	736
713	738
713	739
713	750
713	751
713	752
713	753
714	717
714	718
714	719
714	720
714	721
714	728
714	729
714	731
714	732
714	735
714	751
714	753
715	718
715	719
715	720
715	721
715	722
715	724
715	725
715	727
715	728
715	729
715	730
715	731
715	732
715	734
715	735
715	751
715	753
716	719
716	720
716	721
716	722
716	723
716	724
716	725
716	726
716	727
716	728
716	729
716	730
716	731
716	732
716	733
716	734
716	735
716	751
716	752
716	753
716	754
716	755
717	720
717	721
717	722
717	723
717	724
717	725
717	726
717	727
717	728
717	729
717	730
717	731
717	732
717	751
717	752
717	753
717	754
717	755
717	756
718	721
718	722
718	723
718	724
718	725
718	726
718	727
718	728
718	729
718	731
718	732
718	753
718	754
718	755
719	722
719	723
719	724
719	725
719	726
719	727
719	728
719	729
719	730
719	731
719	732
719	753
719	754
719	755
720	723
720	724
720	725
720	726
720	727
720	728
720	729
720	730
720	731
720	732
720	752
720	753
720	754
720	755
720	756
720	757
721	724
721	725
721	726
721	727
721	728
721	753
721	754
721	755
721	756
721	757
722	725
722	726
722	727
722	728
722	754
722	755
722	756
723	726
723	727
723	728
723	729
723	753
723	754
723	755
723	756
723	757
724	727
724	728
724	729
724	730
724	731
724	753
724	754
724	755
724	756
725	728
725	729
725	730
725	731
725	732
725	733
725	752
725	753
725	754
725	755
725	756
726	729
726	730
726	731
726	732
726	733
726	752
726	753
726	754
726	755
727	730
727	731
727	732
727	733
727	734
727	752
727	753
727	754
727	755
728	731
728	732
728	733
728	734
728	735
728	751
728	752
728	753
728	754
728	755
729	732
729	733
729	734
729	735
729	736
729	748
729	750
729	751
729	752
729	753
729	754
729	755
730	733
730	734
730	735
730	736
730	737
730	751
730	752
730	753
730	754
731	734
731	735
731	736
731	737
731	738
731	751
731	752
731	753
732	735
732	736
732	737
732	738
732	739
732	747
732	748
732	749
732	750
732	751
732	752
732	753
732	754
733	736
733	737
733	738
733	739
733	747
733	748
733	749
733	750
733	751
733	752
733	753
734	737
734	738
734	739
734	740
734	747
734	748
734	750
734	751
734	752
735	738
735	739
735	740
735	741
735	742
735	746
735	747
735	748
735	749
735	750
735	751
735	752
735	753
736	739
736	740
736	741
736	742
736	743
736	744
736	745
736	746
736	747
736	748
736	749
736	750
736	751
736	752
736	753
737	740
737	741
737	742
737	743
737	744
737	747
737	748
737	750
737	751
738	741
738	742
738	743
738	747
738	750
738	751
739	742
739	743
739	744
739	746
739	747
739	748
739	749
739	750
739	751
740	743
740	744
740	746
740	747
740	750
741	744
741	745
741	746
741	747
741	750
742	745
742	746
742	747
742	748
742	749
742	750
742	751
743	746
743	747
743	748
743	749
743	750
744	747
744	748
744	749
744	750
744	751
745	748
745	749
745	750
745	751
745	752
746	749
746	750
746	751
746	752
747	750
747	751
747	752
748	751
748	752
748	753
748	754
749	752
749	753
749	754
750	753
751	754
752	755
753	756
754	757
755	758
756	759
757	760
758	761
759	762
760	763
761	764
762	765
763	766
764	767
765	768
766	769
767	770
768	771
769	772
770	773
771	774
772	775
773	776
774	777
775	778
776	779
777	780
778	781
778	799
779	782
779	785
779	798
779	799
779	800
779	801
780	783
780	784
780	785
780	797
780	798
780	799
780	800
780	801
780	802
780	803
781	784
781	785
781	786
781	787
781	797
781	798
781	799
781	800
781	801
781	802
781	803
782	785
782	786
782	787
782	788
782	789
782	796
782	797
782	798
782	799
782	800
782	801
782	802
782	803
782	804
783	786
783	787
783	788
783	789
783	790
783	796
783	797
783	798
783	799
783	800
783	801
783	802
783	803
783	804
784	787
784	788
784	789
784	790
784	791
784	793
784	794
784	796
784	797
784	798
784	799
784	800
784	801
784	802
784	803
785	788
785	789
785	790
785	791
785	792
785	793
785	794
785	795
785	796
785	797
785	798
785	799
785	800
785	801
785	802
786	789
786	790
786	791
786	792
786	793
786	794
786	796
786	797
786	798
786	799
786	800
786	801
786	802
787	790
787	791
787	792
787	793
787	794
787	796
787	797
787	798
787	799
787	800
787	801
787	802
788	791
788	792
788	793
788	794
788	795
788	796
788	797
788	798
788	799
788	800
788	801
789	792
789	793
789	794
789	795
789	796
789	797
789	798
789	799
789	800
790	793
790	794
790	796
790	797
791	794
791	795
791	796
791	797
792	795
792	796
792	797
792	798
793	796
793	797
793	798
793	799
793	800
794	797
794	798
794	799
794	800
795	798
795	799
795	800
796	799
796	800
796	801
797	800
797	801
798	801
799	802
800	803
801	804
802	805
803	806
804	807
805	808
806	809
807	810
808	811
809	812
810	813
811	814
812	815
813	816
814	817
815	818
816	819
817	820
